#misc
checkpoint, 12; 12
checkpoint, 21; 23
chai, 286; 309
chai, 286; 509
chai, 566; 409
exit, 690; 480, 671; 700; 64; 2, 2, EasyLevel6, 1
size, 820, 700
spawn, 46, 309, 0
area, 4
name, Level 5
music, 3
#blocks
0; 16, 0; 320, R
1; 16, 20; 320, R
2; 16, 40; 320, R
3; 16, 60; 320, R
4; 16, 80; 320, R
4; 12, 80; 240, R
3; 12, 60; 240, R
2; 12, 40; 240, R
1; 12, 20; 240, R
0; 12, 0; 240, R
5; 15, 100; 300, R
5; 16, 100; 320, R
6; 16, 120; 320, R
7; 16, 140; 320, R
8; 16, 160; 320, R
5; 12, 100; 240, R
6; 12, 120; 240, R
7; 12, 140; 240, R
10; 14, 200; 280, R
10; 13, 200; 260, R
8; 12, 160; 240, R
8; 11, 160; 220, R
8; 10, 160; 200, R
8; 9, 160; 180, R
9; 9, 180; 180, R
10; 9, 200; 180, R
11; 9, 220; 180, R
11; 13, 220; 260, R
12; 13, 240; 260, R
12; 9, 240; 180, R
13; 9, 260; 180, R
9; 16, 180; 320, R
10; 16, 200; 320, R
10; 17, 200; 340, R
10; 18, 200; 360, R
10; 19, 200; 380, R
11; 19, 220; 380, R
12; 19, 240; 380, R
13; 19, 260; 380, R
14; 19, 280; 380, R
14; 18, 280; 360, R
14; 17, 280; 340, R
14; 16, 280; 320, R
15; 16, 300; 320, R
15; 15, 300; 300, R
15; 14, 300; 280, R
15; 13, 300; 260, R
14; 13, 280; 260, R
13; 13, 260; 260, R
14; 9, 280; 180, R
15; 9, 300; 180, R
16; 9, 320; 180, R
17; 9, 340; 180, R
18; 9, 360; 180, R
19; 9, 380; 180, R
20; 9, 400; 180, R
21; 9, 420; 180, R
21; 10, 420; 200, R
21; 11, 420; 220, R
21; 12, 420; 240, R
21; 13, 420; 260, R
21; 14, 420; 280, R
21; 15, 420; 300, R
21; 16, 420; 320, R
21; 17, 420; 340, R
21; 18, 420; 360, R
21; 19, 420; 380, R
19; 14, 380; 280, R
17; 16, 340; 320, R
19; 19, 380; 380, R
16; 22, 320; 440, R
14; 20, 280; 400, R
14; 21, 280; 420, R
14; 22, 280; 440, R
14; 23, 280; 460, R
14; 27, 280; 540, R
15; 27, 300; 540, R
16; 27, 320; 540, R
17; 27, 340; 540, R
18; 27, 360; 540, R
19; 27, 380; 540, R
20; 27, 400; 540, R
14; 26, 280; 520, R
13; 26, 260; 520, R
13; 25, 260; 500, R
13; 24, 260; 480, R
19; 24, 380; 480, R
20; 24, 400; 480, R
21; 24, 420; 480, R
22; 24, 440; 480, R
21; 27, 420; 540, R
22; 27, 440; 540, R
23; 27, 460; 540, R
22; 19, 440; 380, R
23; 19, 460; 380, R
24; 19, 480; 380, R
25; 19, 500; 380, R
24; 27, 480; 540, R
25; 27, 500; 540, R
26; 27, 520; 540, R
27; 27, 540; 540, R
28; 27, 560; 540, R
29; 27, 580; 540, R
30; 27, 600; 540, R
26; 19, 520; 380, R
27; 19, 540; 380, R
28; 19, 560; 380, R
29; 19, 580; 380, R
30; 19, 600; 380, R
26; 24, 520; 480, R
30; 24, 600; 480, R
27; 21, 540; 420, R
28; 21, 560; 420, R
29; 21, 580; 420, R
33; 22, 660; 440, R
31; 27, 620; 540, R
32; 26, 640; 520, R
33; 25, 660; 500, R
31; 18, 620; 360, R
32; 18, 640; 360, R
33; 18, 660; 360, R
36; 25, 720; 500, R
37; 25, 740; 500, R
37; 24, 740; 480, R
37; 23, 740; 460, R
37; 22, 740; 440, R
37; 21, 740; 420, R
37; 20, 740; 400, R
36; 19, 720; 380, R
35; 18, 700; 360, R
34; 18, 680; 360, R
33; 26, 660; 520, R
33; 27, 660; 540, R
33; 28, 660; 560, R
36; 26, 720; 520, R
36; 27, 720; 540, R
36; 28, 720; 560, R
36; 29, 720; 580, R
33; 29, 660; 580, R
33; 30, 660; 600, R
33; 31, 660; 620, R
33; 32, 660; 640, R
36; 30, 720; 600, R
36; 31, 720; 620, R
36; 32, 720; 640, R
33; 33, 660; 660, R
36; 33, 720; 660, R
33; 34, 660; 680, R
36; 34, 720; 680, R
#spikes
5; 14, 100; 280, 1
4; 15, 80; 300, 3
9; 13, 180; 260, 3| alternate, 180; 260; 3, 200; 240; 1, 0.7, 10; 13, 200; 260; 20; 20
11; 18, 220; 360, 1
12; 18, 240; 360, 1
13; 18, 260; 360, 1
11; 14, 220; 280, 2
12; 14, 240; 280, 2
13; 14, 260; 280, 2
14; 14, 280; 280, 2
17; 19, 340; 380, 1
17; 20, 340; 400, 2
19; 16, 380; 320, 1
19; 17, 380; 340, 2
17; 12, 340; 240, 1
17; 13, 340; 260, 2
15; 26, 300; 520, 1
16; 26, 320; 520, 1
17; 26, 340; 520, 1
18; 26, 360; 520, 1
19; 26, 380; 520, 1
20; 26, 400; 520, 1
14; 24, 280; 480, 2
13; 23, 260; 460, 1
18; 23, 360; 460, 1
18; 24, 360; 480, 2
21; 26, 420; 520, 1
22; 26, 440; 520, 1
23; 26, 460; 520, 1
20; 21, 400; 420, 2
20; 20, 400; 400, 1
24; 26, 480; 520, 1
25; 26, 500; 520, 1
26; 26, 520; 520, 1
27; 26, 540; 520, 1
28; 26, 560; 520, 1
29; 26, 580; 520, 1
30; 26, 600; 520, 1
26; 20, 520; 400, 2| alternate, 520; 400; 2, 600; 400; 2, 0.7, 28; 19, 560; 380; 20; 20
31; 26, 620; 520, 1
32; 25, 640; 500, 1
33; 24, 660; 480, 1
16; 16, 320; 320, 4
36; 24, 720; 480, 1
34; 27, 680; 540, 4
35; 32, 700; 640, 3