#misc
checkpoint, 39; 9
checkpoint, 50; 4
chai, 486; 249
chai, 706; 69
chai, 946; 249
exit, 1170; 280, 1240; 249; 2; 82, 4, EasyLevel5, 1
size, 1240, 440
spawn, 606, 249, 0
area, 2
name, Level 4
music, 2
#blocks
25; 14, 500; 280, B
25; 13, 500; 260, B
30; 14, 600; 280, B
30; 13, 600; 260, B
25; 10, 500; 200, B
26; 10, 520; 200, B
27; 10, 540; 200, B
28; 10, 560; 200, B
29; 10, 580; 200, B
30; 10, 600; 200, B
31; 10, 620; 200, B
24; 13, 480; 260, B
23; 13, 460; 260, B
23; 12, 460; 240, B
23; 11, 460; 220, B
23; 10, 460; 200, B
24; 10, 480; 200, B
31; 13, 620; 260, B
32; 13, 640; 260, B
33; 13, 660; 260, B
33; 12, 660; 240, B
33; 11, 660; 220, B
33; 10, 660; 200, B
31; 9, 620; 180, B
31; 8, 620; 160, B
31; 7, 620; 140, B
32; 7, 640; 140, B
33; 7, 660; 140, B
34; 7, 680; 140, B
35; 7, 700; 140, B
34; 10, 680; 200, B
35; 10, 700; 200, B
36; 10, 720; 200, B
36; 7, 720; 140, B
37; 10, 740; 200, B
38; 10, 760; 200, B
37; 7, 740; 140, B
38; 7, 760; 140, B
39; 10, 780; 200, B
39; 7, 780; 140, B
40; 10, 800; 200, B
41; 10, 820; 200, B
42; 10, 840; 200, B
42; 9, 840; 180, B
42; 8, 840; 160, B
39; 4, 780; 80, B
40; 4, 800; 80, B
41; 4, 820; 80, B
42; 4, 840; 80, B
43; 4, 860; 80, B
44; 4, 880; 80, B
43; 10, 860; 200, B
44; 10, 880; 200, B
46; 10, 920; 200, B
46; 9, 920; 180, B
46; 8, 920; 160, B
47; 8, 940; 160, B
48; 8, 960; 160, B
48; 7, 960; 140, B
48; 6, 960; 120, B
48; 5, 960; 100, B
45; 4, 900; 80, B
46; 4, 920; 80, B
46; 3, 920; 60, B
46; 2, 920; 40, B
47; 2, 940; 40, B
48; 2, 960; 40, B
49; 2, 980; 40, B
50; 2, 1000; 40, B
49; 5, 980; 100, B
50; 5, 1000; 100, B
36; 6, 720; 120, B
36; 5, 720; 100, B
38; 4, 760; 80, B
45; 10, 900; 200, B
38; 3, 760; 60, B
38; 2, 760; 40, B
36; 4, 720; 80, B
35; 4, 700; 80, B
34; 4, 680; 80, B
34; 2, 680; 40, B
34; 3, 680; 60, B
38; 1, 760; 20, B
37; 1, 740; 20, B
36; 1, 720; 20, B
35; 1, 700; 20, B
34; 1, 680; 20, B
51; 2, 1020; 40, B
52; 2, 1040; 40, B
53; 2, 1060; 40, B
54; 2, 1080; 40, B
55; 2, 1100; 40, B
55; 3, 1100; 60, B
55; 4, 1100; 80, B
55; 5, 1100; 100, B
55; 6, 1100; 120, B
55; 7, 1100; 140, B
51; 5, 1020; 100, B
52; 6, 1040; 120, B
52; 7, 1040; 140, B
52; 5, 1040; 100, B
55; 8, 1100; 160, B
55; 9, 1100; 180, B
52; 11, 1040; 220, B
52; 12, 1040; 240, B
52; 13, 1040; 260, B
53; 13, 1060; 260, B
54; 13, 1080; 260, B
56; 9, 1120; 180, B
56; 13, 1120; 260, B
56; 12, 1120; 240, B
56; 11, 1120; 220, B
56; 10, 1120; 200, B
54; 14, 1080; 280, B
54; 15, 1080; 300, B
56; 14, 1120; 280, B
56; 15, 1120; 300, B
54; 16, 1080; 320, B
54; 17, 1080; 340, B
55; 17, 1100; 340, B
56; 17, 1120; 340, B
57; 17, 1140; 340, B
58; 17, 1160; 340, B
58; 16, 1160; 320, B
51; 13, 1020; 260, B
50; 13, 1000; 260, B
49; 13, 980; 260, B
48; 13, 960; 260, B
47; 13, 940; 260, B
46; 13, 920; 260, B
46; 12, 920; 240, B
46; 11, 920; 220, B
57; 12, 1140; 240, B
58; 12, 1160; 240, B
59; 12, 1180; 240, B
60; 12, 1200; 240, B
60; 16, 1200; 320, B
59; 16, 1180; 320, B
61; 16, 1220; 320, B
61; 12, 1220; 240, B
30; 15, 600; 300, B
30; 16, 600; 320, B
30; 17, 600; 340, B
30; 18, 600; 360, B
30; 19, 600; 380, B
30; 20, 600; 400, B
30; 21, 600; 420, B
25; 15, 500; 300, B
25; 16, 500; 320, B
25; 17, 500; 340, B
25; 18, 500; 360, B
25; 19, 500; 380, B
25; 20, 500; 400, B
25; 21, 500; 420, B
#spikes
25; 11, 500; 220, 2
24; 11, 480; 220, 2
30; 11, 600; 220, 2
31; 11, 620; 220, 2
33; 9, 660; 180, 1
37; 9, 740; 180, 1
41; 9, 820; 180, 3
41; 8, 820; 160, 3
42; 7, 840; 140, 1
43; 8, 860; 160, 4
43; 9, 860; 180, 4
46; 7, 920; 140, 1
35; 8, 700; 160, 2
48; 4, 960; 80, 1
40; 5, 800; 100, 2
39; 5, 780; 100, 2
38; 5, 760; 100, 2
37; 6, 736; 130, 1
37; 2, 740; 40, 2
36; 2, 720; 40, 2
35; 2, 700; 40, 2
53; 5, 1060; 100, 4| alternate, 1060; 100; 4, 1060; 40; 4, 0.8, 52; 5, 1040; 100; 20; 20
54; 5, 1080; 100, 3| alternate, 1080; 100; 3, 1080; 40; 3, 0.8, 52; 5, 1040; 100; 20; 20
53; 12, 1060; 240, 1
54; 12, 1080; 240, 1
52; 10, 1040; 200, 1
50; 12, 1000; 240, 1
49; 12, 980; 240, 1
48; 12, 960; 240, 1