#misc
checkpoint, 14; 11
chai, 426; 209
chai, 546; 109
exit, 690; 105, 650; 0; 100; 2, 1, EasyLevel4, 1
size, 800, 400
spawn, 46, 229, 0
area, 2
name, Level 3
music, 2
#blocks
1; 12, 20; 240, B
2; 12, 40; 240, B
3; 12, 60; 240, B
4; 12, 80; 240, B
0; 12, 0; 240, B
4; 8, 80; 160, B
3; 8, 60; 160, B
2; 8, 40; 160, B
1; 8, 20; 160, B
0; 8, 0; 160, B
5; 12, 100; 240, B
6; 12, 120; 240, B
7; 12, 140; 240, B
8; 12, 160; 240, B
9; 12, 180; 240, B
10; 12, 200; 240, B
11; 12, 220; 240, B
12; 12, 240; 240, B
5; 8, 100; 160, B
6; 8, 120; 160, B
7; 8, 140; 160, B
8; 8, 160; 160, B
9; 8, 180; 160, B
10; 8, 200; 160, B
11; 8, 220; 160, B
12; 8, 240; 160, B
13; 12, 260; 240, B
13; 8, 260; 160, B
14; 12, 280; 240, B
15; 12, 300; 240, B
15; 13, 300; 260, B
15; 14, 300; 280, B
15; 15, 300; 300, B
16; 15, 320; 300, B
17; 15, 340; 300, B
18; 15, 360; 300, B
19; 15, 380; 300, B
19; 14, 380; 280, B
19; 13, 380; 260, B
19; 12, 380; 240, B
19; 11, 380; 220, B
19; 10, 380; 200, B
14; 8, 280; 160, B
15; 8, 300; 160, B
15; 7, 300; 140, B
15; 6, 300; 120, B
15; 5, 300; 100, B
15; 4, 300; 80, B
19; 9, 380; 180, B
19; 8, 380; 160, B
19; 7, 380; 140, B
19; 6, 380; 120, B
20; 6, 400; 120, B
22; 6, 440; 120, B
15; 3, 300; 60, B
15; 2, 300; 40, B
16; 2, 320; 40, B
17; 2, 340; 40, B
18; 2, 360; 40, B
19; 2, 380; 40, B
20; 2, 400; 40, B
21; 2, 420; 40, B
22; 2, 440; 40, B
17; 13, 340; 280, B| move, 1.0, 340; 60, 17; 13, 340; 299; 20; 20| move, 1.0, 340; 280, 17; 13, 340; 41; 20; 20
23; 6, 460; 120, B
23; 7, 460; 140, B
23; 8, 460; 160, B
23; 9, 460; 180, B
23; 10, 460; 200, B| teleport, 460; 180, player, 399; 200; 62; 20
23; 11, 460; 220, B
24; 11, 480; 220, B
25; 11, 500; 220, B
26; 11, 520; 220, B
20; 11, 400; 220, B
21; 11, 420; 220, B
22; 11, 440; 220, B
23; 2, 460; 40, B
24; 2, 480; 40, B
25; 2, 500; 40, B
26; 2, 520; 40, B
26; 6, 520; 120, B
26; 7, 520; 140, B
26; 3, 520; 60, B
27; 6, 540; 120, B
28; 6, 560; 120, B
27; 3, 540; 60, B
28; 3, 560; 60, B
29; 5, 580; 100, B
29; 4, 580; 80, B
29; 3, 580; 60, B
29; 6, 580; 120, B
26; 8, 520; 160, B
27; 8, 540; 160, B
28; 8, 560; 160, B
29; 8, 580; 160, B
30; 8, 600; 160, B
27; 11, 540; 220, B
28; 11, 560; 220, B
29; 11, 580; 220, B
30; 11, 600; 220, B
31; 8, 620; 160, B
31; 11, 620; 220, B
32; 11, 640; 220, B
33; 11, 660; 220, B
34; 11, 680; 220, B
35; 11, 700; 220, B
32; 8, 640; 160, B
32; 7, 640; 140, B
36; 11, 720; 220, B
37; 11, 740; 220, B
37; 10, 740; 200, B
37; 9, 740; 180, B
37; 8, 740; 160, B
37; 7, 740; 140, B
37; 6, 740; 120, B
32; 6, 640; 120, B
32; 5, 640; 100, B
32; 4, 640; 80, B
32; 3, 640; 60, B
37; 5, 740; 100, B
37; 4, 740; 80, B
37; 3, 740; 60, B
37; 2, 740; 40, B
37; 1, 740; 20, B
37; 0, 740; 0, B
32; 2, 640; 40, B
32; 1, 640; 20, B
32; 0, 640; 0, B
34; 7, 680; 140, B
35; 7, 700; 140, B
34; 4, 690; 70, B
#spikes
5; 11, 100; 220, 1| move, 1.0, 160; 220, 5; 11, 81; 220; 20; 20| move, 1.0, 100; 220, 5; 11, 179; 220; 20; 20
12; 11, 240; 220, 1| move, 1.0, 180; 220, 12; 11, 259; 220; 20; 20| move, 1.0, 240; 220, 12; 11, 161; 220; 20; 20
16; 14, 320; 280, 1
17; 14, 340; 280, 1
18; 14, 360; 280, 1
16; 3, 320; 60, 2
17; 3, 340; 60, 2
18; 3, 360; 60, 2
19; 3, 380; 60, 2
20; 3, 400; 60, 2
21; 3, 420; 60, 2
22; 3, 440; 60, 2
21; 8, 420; 160, 1
21; 9, 420; 180, 2
23; 3, 460; 60, 2
24; 3, 480; 60, 2
25; 3, 500; 60, 2
26; 4, 520; 80, 2
27; 4, 540; 80, 2
28; 4, 560; 80, 2
26; 9, 520; 180, 2
28; 10, 560; 219, 2
29; 10, 580; 219, 2
31; 9, 620; 180, 2