#misc
checkpoint, 38; 5
checkpoint, 45; 9
chai, 1006; 49
chai, 666; 189
exit, 1240; 160, 1300; 132; 2; 76, 4, EasyLevel3, 1
size, 1300, 260
spawn, 946, 109, 0
area, 1
name, Level 2
music, 1
#blocks
45; 0, 900; 0, G
45; 1, 900; 20, G
45; 2, 900; 40, G
49; 0, 980; 0, G
49; 3, 980; 60, G
49; 4, 980; 80, G
49; 5, 980; 100, G
49; 6, 980; 120, G
48; 6, 960; 120, G
47; 6, 940; 120, G
46; 6, 920; 120, G
45; 6, 900; 120, G
44; 6, 880; 120, G
43; 6, 860; 120, G
42; 6, 840; 120, G
44; 2, 880; 40, G
43; 2, 860; 40, G
42; 2, 840; 40, G
41; 6, 820; 120, G
40; 6, 800; 120, G
41; 2, 820; 40, G
40; 2, 800; 40, G
39; 6, 780; 120, G
38; 6, 760; 120, G
37; 6, 740; 120, G
36; 2, 720; 40, G
37; 2, 740; 40, G
38; 2, 760; 40, G
39; 2, 780; 40, G
36; 6, 720; 120, G
50; 3, 1000; 60, G
51; 3, 1020; 60, G
50; 0, 1000; 0, G
51; 0, 1020; 0, G
51; 2, 1020; 40, G
51; 1, 1020; 20, G
33; 5, 660; 100, G
33; 4, 660; 80, G
33; 3, 660; 60, G
33; 2, 660; 40, G
34; 2, 680; 40, G
35; 2, 700; 40, G
33; 6, 660; 120, G
34; 6, 680; 120, G
34; 10, 680; 200, G
35; 10, 700; 200, G
36; 10, 720; 200, G
37; 10, 740; 200, G
38; 10, 760; 200, G
39; 10, 780; 200, G
40; 10, 800; 200, G
42; 7, 850; 140, G
41; 10, 820; 200, G
42; 10, 840; 200, G
43; 10, 860; 200, G
44; 10, 880; 200, G
45; 10, 900; 200, G
46; 10, 920; 200, G
47; 10, 940; 200, G
47; 11, 940; 220, G
47; 12, 940; 240, G
48; 12, 960; 240, G
49; 12, 980; 240, G
50; 12, 1000; 240, G
51; 12, 1020; 240, G
52; 12, 1040; 240, G
53; 12, 1060; 240, G
54; 12, 1080; 240, G
55; 12, 1100; 240, G
50; 9, 1000; 180, G
54; 9, 1080; 180, G
58; 9, 1160; 180, G
56; 12, 1120; 240, G
57; 12, 1140; 240, G
58; 12, 1160; 240, G
59; 12, 1180; 240, G
60; 12, 1200; 240, G
61; 12, 1220; 240, G
61; 11, 1220; 220, G
61; 10, 1220; 200, G
50; 6, 1000; 120, G
51; 6, 1020; 120, G
52; 6, 1040; 120, G
53; 6, 1060; 120, G
54; 6, 1080; 120, G
55; 6, 1100; 120, G
56; 6, 1120; 120, G
57; 6, 1140; 120, G
58; 6, 1160; 120, G
59; 6, 1180; 120, G
62; 6, 1240; 120, G
61; 6, 1220; 120, G
60; 6, 1200; 120, G
62; 10, 1240; 200, G
63; 10, 1260; 200, G
63; 6, 1260; 120, G
64; 10, 1280; 200, G
64; 6, 1280; 120, G
33; 10, 660; 200, G
32; 10, 640; 200, G
31; 10, 620; 200, G
32; 6, 640; 120, G
31; 6, 620; 120, G
31; 9, 620; 180, G
31; 8, 620; 160, G
31; 7, 620; 140, G
#spikes
45; 3, 900; 60, 2
44; 5, 880; 100, 1
40; 5, 800; 100, 1
39; 3, 780; 60, 2
49; 2, 980; 40, 1
34; 4, 680; 80, 4
34; 3, 680; 60, 4
34; 5, 680; 100, 4
36; 5, 720; 100, 1
35; 9, 700; 180, 1
40; 9, 800; 180, 1
42; 8, 850; 160, 2
43; 7, 870; 140, 4
41; 7, 830; 140, 3
48; 11, 960; 220, 1
49; 11, 980; 220, 1
50; 11, 1000; 220, 1
51; 11, 1020; 220, 1
52; 11, 1040; 220, 1
53; 11, 1060; 220, 1
54; 11, 1080; 220, 1
55; 11, 1100; 220, 1
56; 11, 1120; 220, 1
57; 11, 1140; 220, 1
58; 11, 1160; 220, 1
59; 11, 1180; 220, 1
60; 11, 1200; 220, 1
34; 7, 680; 140, 2
33; 7, 660; 140, 2
32; 7, 640; 140, 2