#misc
checkpoint, 22; 7
checkpoint, 43; 7
checkpoint, 54; 7
chai, 466; 69
chai, 826; 229
chai, 1426; 129
exit, 1160; 100, 1088; 0; 142; 2, 1, BossFight, 1
size, 1500, 340
spawn, 226, 69, 0
area, 4
name, Level 6
music, 3
#blocks
9; 0, 180; 0, R
12; 0, 240; 0, R
9; 3, 180; 60, R
9; 2, 180; 40, R
9; 1, 180; 20, R
9; 4, 180; 80, R
10; 4, 200; 80, R
11; 4, 220; 80, R
12; 4, 240; 80, R
13; 4, 260; 80, R
13; 0, 260; 0, R
14; 0, 280; 0, R
15; 0, 300; 0, R
16; 0, 320; 0, R
14; 4, 280; 80, R
15; 4, 300; 80, R
16; 4, 320; 80, R
17; 0, 340; 0, R
18; 0, 360; 0, R
19; 0, 380; 0, R
19; 1, 380; 20, R
19; 4, 380; 80, R
16; 5, 320; 100, R
16; 6, 320; 120, R
16; 7, 320; 140, R
16; 8, 320; 160, R
17; 8, 340; 160, R
18; 8, 360; 160, R
19; 8, 380; 160, R
20; 8, 400; 160, R
21; 8, 420; 160, R
22; 8, 440; 160, R
20; 4, 400; 80, R
21; 4, 420; 80, R
22; 4, 440; 80, R
19; 2, 380; 40, R
20; 1, 400; 20, R
21; 1, 420; 20, R
22; 1, 440; 20, R
23; 1, 460; 20, R
24; 1, 480; 20, R
24; 2, 480; 40, R
24; 3, 480; 60, R
23; 4, 460; 80, R
24; 4, 480; 80, R
23; 8, 460; 160, R
24; 8, 480; 160, R
21; 9, 420; 180, R
22; 10, 440; 200, R
23; 11, 460; 220, R
24; 12, 480; 240, R
25; 12, 500; 240, R
26; 12, 520; 240, R
27; 12, 540; 240, R
28; 12, 560; 240, R
29; 12, 580; 240, R
30; 12, 600; 240, R
31; 12, 620; 240, R
32; 12, 640; 240, R
33; 12, 660; 240, R
27; 8, 540; 160, R
30; 8, 600; 160, R
33; 8, 660; 160, R
36; 8, 720; 160, R
39; 8, 780; 160, R
40; 8, 800; 160, R
41; 8, 820; 160, R| teleport, 840; 160, player, 820; 196; 20; 44
25; 3, 500; 60, R
26; 3, 520; 60, R
27; 3, 540; 60, R
28; 3, 560; 60, R
29; 3, 580; 60, R
30; 3, 600; 60, R
31; 3, 620; 60, R
32; 3, 640; 60, R
33; 3, 660; 60, R
34; 3, 680; 60, R
35; 3, 700; 60, R
36; 3, 720; 60, R
37; 3, 740; 60, R
38; 3, 760; 60, R
35; 12, 700; 240, R
36; 12, 720; 240, R
37; 12, 740; 240, R
34; 12, 680; 240, R
38; 12, 760; 240, R
39; 12, 780; 240, R
40; 11, 800; 220, R
43; 8, 860; 160, R
42; 8, 840; 160, R
39; 4, 780; 80, R
40; 4, 800; 80, R
41; 4, 820; 80, R
42; 4, 840; 80, R
43; 4, 860; 80, R
40; 12, 800; 240, R
41; 12, 820; 240, R
42; 12, 840; 240, R
42; 9, 840; 180, R
42; 10, 840; 200, R
42; 11, 840; 220, R
44; 4, 880; 80, R
44; 8, 880; 160, R
45; 4, 900; 80, R
46; 8, 920; 160, R
45; 8, 900; 160, R
46; 4, 920; 80, R
47; 8, 940; 160, R
48; 8, 960; 160, R
49; 8, 980; 160, R
50; 8, 1000; 160, R
51; 8, 1020; 160, R
47; 4, 940; 80, R
48; 4, 960; 80, R
49; 4, 980; 80, R
50; 4, 1000; 80, R
51; 4, 1020; 80, R
52; 8, 1040; 160, R
53; 8, 1060; 160, R
54; 8, 1080; 160, R
52; 4, 1040; 80, R
53; 4, 1060; 80, R
54; 4, 1080; 80, R
55; 8, 1100; 160, R
56; 8, 1120; 160, R
57; 8, 1140; 160, R
58; 8, 1160; 160, R
59; 8, 1180; 160, R
60; 8, 1200; 160, R
61; 8, 1220; 160, R
61; 7, 1220; 140, R
61; 4, 1220; 80, R
61; 3, 1220; 60, R
61; 2, 1220; 40, R
61; 1, 1220; 20, R
61; 0, 1220; 0, R
54; 3, 1080; 60, R
54; 2, 1080; 40, R
54; 1, 1080; 20, R
54; 0, 1080; 0, R
58; 5, 1160; 100, R
60; 3, 1200; 60, R
62; 7, 1240; 140, R
63; 7, 1260; 140, R
62; 4, 1240; 80, R
63; 4, 1260; 80, R
64; 4, 1280; 80, R
64; 7, 1280; 140, R
65; 7, 1300; 140, R
66; 7, 1320; 140, R
67; 7, 1340; 140, R
68; 7, 1360; 140, R
69; 7, 1380; 140, R
70; 7, 1400; 140, R
71; 7, 1420; 140, R
72; 7, 1440; 140, R
72; 6, 1440; 120, R
72; 5, 1440; 100, R
65; 4, 1300; 80, R
66; 4, 1320; 80, R
67; 4, 1340; 80, R
68; 4, 1360; 80, R
69; 4, 1380; 80, R
70; 4, 1400; 80, R
71; 4, 1420; 80, R
72; 4, 1440; 80, R
#spikes
14; 3, 280; 60, 1
15; 3, 300; 60, 1
16; 3, 320; 60, 1
18; 7, 360; 140, 1
19; 7, 380; 140, 1
20; 7, 400; 140, 1
22; 3, 440; 79, 2
21; 3, 420; 79, 2
22; 9, 440; 180, 1
23; 10, 460; 200, 1
24; 11, 480; 220, 1
25; 11, 500; 220, 1
26; 11, 520; 220, 1
27; 11, 540; 220, 1
28; 11, 560; 220, 1
29; 11, 580; 220, 1
30; 11, 600; 220, 1
31; 11, 620; 220, 1
32; 11, 640; 220, 1
33; 11, 660; 220, 1
34; 11, 680; 220, 1
35; 11, 700; 220, 1
36; 11, 720; 220, 1
37; 11, 740; 220, 1
25; 4, 500; 80, 2
26; 4, 520; 80, 2
27; 4, 540; 80, 2
28; 4, 560; 80, 2
29; 4, 580; 80, 2
30; 4, 600; 80, 2
31; 4, 620; 80, 2
32; 4, 640; 80, 2
33; 4, 660; 80, 2
34; 4, 680; 80, 2
35; 4, 700; 80, 2
36; 4, 720; 80, 2
37; 4, 740; 80, 2
38; 4, 760; 80, 2
40; 10, 800; 200, 1
39; 11, 780; 230, 1
38; 11, 760; 225, 1
45; 7, 900; 140, 1| alternate, 900; 140; 1, 920; 140; 1, 0.5, 46; 8, 920; 160; 20; 20
48; 7, 960; 140, 1| alternate, 960; 140; 1, 940; 140; 1, 0.5, 48; 8, 960; 160; 20; 20
52; 7, 1040; 140, 1| alternate, 1040; 140; 1, 1020; 140; 1, 0.5, 48; 8, 960; 160; 20; 20
49; 7, 980; 140, 1| alternate, 980; 140; 1, 1000; 140; 1, 0.5, 46; 8, 920; 160; 20; 20
59; 2, 1180; 40, 1
59; 3, 1180; 60, 2
56; 3, 1120; 60, 1
56; 4, 1120; 80, 2
57; 1, 1140; 20, 1
57; 2, 1140; 40, 2
58; 0, 1160; 0, 2
57; 7, 1140; 140, 1
58; 7, 1160; 140, 1
59; 7, 1180; 140, 1
60; 7, 1200; 140, 1
61; 5, 1220; 100, 2
62; 5, 1240; 100, 2
63; 5, 1260; 100, 2
64; 5, 1280; 100, 2
66; 6, 1320; 120, 1
68; 5, 1360; 100, 2
70; 6, 1400; 120, 1