#misc
checkpoint, 33; 5
checkpoint, 49; 5
chai, 286; 89
chai, 1126; 109
exit, 800; 170, 769; 360; 82; 2, 2, EasyLevel2, 1
size, 1200, 440
spawn, 326, 209, 0
area, 1
name, Level 1
music, 1
#blocks
14; 11, 280; 220, G
15; 11, 300; 220, G
16; 11, 320; 220, G
17; 11, 340; 220, G
13; 11, 260; 220, G
13; 10, 260; 200, G
13; 9, 260; 180, G
13; 8, 260; 160, G
13; 7, 260; 140, G
13; 6, 260; 120, G
13; 5, 260; 100, G
13; 4, 260; 80, G
13; 3, 260; 60, G
13; 2, 260; 40, G
13; 1, 260; 20, G
13; 0, 260; 0, G
31; 11, 620; 220, G
31; 10, 620; 200, G
31; 9, 620; 180, G
31; 8, 620; 160, G
31; 6, 620; 120, G
31; 7, 620; 140, G
17; 12, 340; 240, G
17; 13, 340; 260, G
18; 13, 360; 260, G
19; 13, 380; 260, G
20; 13, 400; 260, G
21; 13, 420; 260, G
22; 13, 440; 260, G
23; 13, 460; 260, G
24; 13, 480; 260, G
25; 13, 500; 260, G
26; 13, 520; 260, G
27; 13, 540; 260, G
28; 13, 560; 260, G
29; 13, 580; 260, G
30; 13, 600; 260, G
31; 13, 620; 260, G
31; 12, 620; 240, G
14; 8, 280; 160, G
14; 5, 280; 100, G
21; 9, 420; 180, G
22; 9, 440; 180, G
26; 7, 520; 140, G
27; 7, 540; 140, G
32; 6, 640; 120, G
33; 6, 660; 120, G
34; 6, 680; 120, G
31; 0, 620; 0, G
31; 1, 620; 20, G
32; 1, 640; 20, G
33; 1, 660; 20, G
34; 1, 680; 20, G
35; 1, 700; 20, G
35; 6, 700; 120, G
36; 6, 720; 120, G
36; 1, 720; 20, G
37; 1, 740; 20, G
37; 6, 740; 120, G
38; 1, 760; 20, G
38; 6, 760; 120, G
40; 6, 800; 120, G
39; 1, 780; 20, G
39; 6, 780; 120, G
40; 1, 800; 20, G
41; 6, 820; 120, G
42; 6, 840; 120, G
43; 6, 860; 120, G
44; 6, 880; 120, G
45; 6, 900; 120, G
41; 1, 820; 20, G
42; 1, 840; 20, G
43; 1, 860; 20, G
44; 1, 880; 20, G
45; 1, 900; 20, G
46; 1, 920; 20, G
47; 1, 940; 20, G
48; 1, 960; 20, G
46; 6, 920; 120, G
47; 6, 940; 120, G
48; 6, 960; 120, G
49; 6, 980; 120, G
50; 6, 1000; 120, G
49; 1, 980; 20, G
50; 1, 1000; 20, G
54; 6, 1080; 120, G
54; 7, 1080; 140, G
54; 8, 1080; 160, G
54; 9, 1080; 180, G
54; 10, 1080; 200, G
54; 11, 1080; 220, G
54; 12, 1080; 240, G
54; 13, 1080; 260, G
53; 13, 1060; 260, G
52; 13, 1040; 260, G
51; 13, 1020; 260, G
50; 12, 1000; 240, G
50; 13, 1000; 260, G
49; 12, 980; 240, G
48; 12, 960; 240, G
47; 12, 940; 240, G
46; 12, 920; 240, G
45; 11, 900; 220, G
45; 12, 900; 240, G
44; 12, 880; 240, G
43; 12, 860; 240, G
42; 12, 840; 240, G
42; 11, 840; 220, G
38; 7, 760; 140, G
38; 8, 760; 160, G
38; 9, 760; 180, G
38; 10, 760; 200, G
38; 11, 760; 220, G
38; 12, 760; 240, G
38; 13, 760; 260, G
38; 14, 760; 280, G
38; 15, 760; 300, G
38; 16, 760; 320, G
42; 13, 840; 260, G
42; 14, 840; 280, G
42; 15, 840; 300, G
42; 16, 840; 320, G
38; 17, 760; 340, G
42; 17, 840; 340, G
51; 1, 1020; 20, G
52; 1, 1040; 20, G
53; 1, 1060; 20, G
54; 1, 1080; 20, G
55; 1, 1100; 20, G
56; 1, 1120; 20, G
57; 1, 1140; 20, G
57; 4, 1140; 80, G
57; 5, 1140; 100, G
57; 6, 1140; 120, G
56; 6, 1120; 120, G
55; 6, 1100; 120, G
57; 3, 1140; 60, G
57; 2, 1140; 40, G
38; 18, 760; 360, G
38; 19, 760; 380, G
38; 20, 760; 400, G
38; 21, 760; 420, G
38; 22, 760; 440, G
42; 18, 840; 360, G
42; 19, 840; 380, G
42; 20, 840; 400, G
42; 21, 840; 420, G
42; 22, 840; 440, G
#spikes
26; 12, 520; 240, 1
25; 12, 500; 240, 1
24; 12, 480; 240, 1
23; 12, 460; 240, 1
22; 12, 440; 240, 1
21; 12, 420; 240, 1
20; 12, 400; 240, 1
19; 12, 380; 240, 1
18; 12, 360; 240, 1
30; 12, 600; 240, 1
29; 12, 580; 240, 1
28; 12, 560; 240, 1
27; 12, 540; 240, 1
36; 5, 720; 100, 1
40; 5, 800; 100, 1
44; 5, 880; 100, 1
47; 5, 940; 100, 1
53; 12, 1060; 240, 1
52; 12, 1040; 240, 1
51; 12, 1020; 240, 1
50; 11, 1000; 220, 1
45; 10, 900; 200, 1
42; 10, 840; 200, 1
44; 11, 880; 220, 1
43; 11, 860; 220, 1
54; 5, 1080; 100, 1