#misc
checkpoint, 28; 17
checkpoint, 22; 17
checkpoint, 25; 17
checkpoint, 23; 27
checkpoint, 67; 44
checkpoint, 38; 73
checkpoint, 90; 60
checkpoint, 112; 96
checkpoint, 137; 96
size, 4000, 1977
area, 1
spawn, 266, 249, 1
name, HABIPPO
#blocks
15; 5, 300; 100, G
15; 6, 300; 120, G
15; 8, 300; 160, G
15; 9, 300; 180, G
15; 7, 300; 140, G
16; 7, 320; 140, G
17; 7, 340; 140, G
18; 5, 360; 100, G
18; 6, 360; 120, G
18; 7, 360; 140, G
18; 8, 360; 160, G
18; 9, 360; 180, G
20; 5, 400; 100, G
21; 5, 420; 100, G
21; 6, 420; 120, G
21; 7, 420; 140, G
21; 8, 420; 160, G
21; 9, 420; 180, G
20; 9, 400; 180, G
22; 9, 440; 180, G
22; 5, 440; 100, G
24; 5, 480; 100, G
24; 6, 480; 120, G
24; 7, 480; 140, G
24; 8, 480; 160, G
24; 9, 480; 180, G
25; 7, 500; 140, G
26; 7, 520; 140, G
27; 5, 540; 100, G
27; 6, 540; 120, G
27; 7, 540; 140, G
27; 8, 540; 160, G
27; 9, 540; 180, G
29; 5, 580; 100, G
30; 5, 600; 100, G
31; 5, 620; 100, G
30; 6, 600; 120, G
30; 7, 600; 140, G
30; 8, 600; 160, G
30; 9, 600; 180, G
29; 9, 580; 180, G
31; 9, 620; 180, G
11; 12, 220; 240, G
11; 11, 220; 220, G
11; 10, 220; 200, G
11; 9, 220; 180, G
11; 8, 220; 160, G
11; 7, 220; 140, G
11; 6, 220; 120, G
11; 5, 220; 100, G
11; 4, 220; 80, G
11; 3, 220; 60, G
11; 2, 220; 40, G
11; 1, 220; 20, G
12; 1, 240; 20, G
13; 1, 260; 20, G
14; 1, 280; 20, G
15; 1, 300; 20, G
16; 1, 320; 20, G
17; 1, 340; 20, G
18; 1, 360; 20, G
19; 1, 380; 20, G
20; 1, 400; 20, G
21; 1, 420; 20, G
22; 1, 440; 20, G
23; 1, 460; 20, G
24; 1, 480; 20, G
25; 1, 500; 20, G
26; 1, 520; 20, G
27; 1, 540; 20, G
28; 1, 560; 20, G
29; 1, 580; 20, G
30; 1, 600; 20, G
31; 1, 620; 20, G
32; 1, 640; 20, G
33; 1, 660; 20, G
34; 1, 680; 20, G
35; 13, 700; 260, G
35; 12, 700; 240, G
35; 11, 700; 220, G
35; 10, 700; 200, G
35; 9, 700; 180, G
35; 8, 700; 160, G
35; 7, 700; 140, G
35; 6, 700; 120, G
35; 5, 700; 100, G
35; 4, 700; 80, G
35; 3, 700; 60, G
35; 2, 700; 40, G
35; 1, 700; 20, G
11; 13, 220; 260, G
12; 13, 240; 260, G
13; 13, 260; 260, G
14; 13, 280; 260, G
15; 13, 300; 260, G
16; 13, 320; 260, G
17; 13, 340; 260, G
18; 13, 360; 260, G
19; 13, 380; 260, G
20; 13, 400; 260, G
21; 13, 420; 260, G
22; 13, 440; 260, G
23; 13, 460; 260, G
24; 13, 480; 260, G
25; 13, 500; 260, G
26; 13, 520; 260, G
27; 13, 540; 260, G
28; 13, 560; 260, G
29; 13, 580; 260, G
30; 13, 600; 260, G
31; 13, 620; 260, G
32; 13, 640; 260, G
35; 14, 700; 280, G
35; 15, 700; 300, G
35; 16, 700; 320, G
35; 17, 700; 340, G
35; 18, 700; 360, G
34; 18, 680; 360, G
33; 18, 660; 360, G
32; 18, 640; 360, G
31; 18, 620; 360, G
19; 21, 380; 420, G
18; 21, 360; 420, G
18; 20, 360; 400, G
18; 19, 360; 380, G
18; 18, 360; 360, G
18; 17, 360; 340, G
18; 16, 360; 320, G
18; 15, 360; 300, G
18; 14, 360; 280, G
21; 21, 420; 420, G
22; 21, 440; 420, G
23; 21, 460; 420, G
24; 21, 480; 420, G
25; 21, 500; 420, G
26; 21, 520; 420, G
27; 21, 540; 420, G
28; 21, 560; 420, G
29; 21, 580; 420, G
30; 20, 600; 400, G
31; 19, 620; 380, G
19; 25, 380; 500, G| move, 0.5, 660; 500, player, 379; 499; 62; 20
20; 25, 400; 500, G| move, 0.5, 680; 500, player, 379; 499; 62; 20
21; 25, 420; 500, G| move, 0.5, 700; 500, player, 379; 499; 62; 20
35; 27, 700; 540, G
34; 27, 680; 540, G
33; 27, 660; 540, G
32; 27, 640; 540, G
31; 27, 620; 540, G
30; 28, 600; 560, G
29; 28, 580; 560, G
28; 28, 560; 560, G
27; 28, 540; 560, G
26; 28, 520; 560, G
25; 28, 500; 560, G
24; 28, 480; 560, G
23; 28, 460; 560, G
17; 26, 340; 520, G
17; 25, 340; 500, G
17; 24, 340; 480, G
17; 23, 340; 460, G
17; 22, 340; 440, G
17; 21, 340; 420, G
17; 20, 340; 400, G
17; 19, 340; 380, G
17; 18, 340; 360, G
17; 17, 340; 340, G
17; 16, 340; 320, G
17; 15, 340; 300, G
17; 14, 340; 280, G
21; 27, 420; 540, G
20; 27, 400; 540, G
19; 27, 380; 540, G
18; 27, 360; 540, G
17; 27, 340; 540, G
21; 28, 420; 560, G
20; 28, 400; 560, G
19; 28, 380; 560, G
18; 28, 360; 560, G
17; 28, 340; 560, G
17; 29, 340; 580, G
18; 29, 360; 580, G
19; 29, 380; 580, G
20; 29, 400; 580, G
21; 29, 420; 580, G
21; 30, 420; 600, G
20; 30, 400; 600, G
19; 30, 380; 600, G
18; 30, 360; 600, G
17; 30, 340; 600, G
24; 30, 480; 600, G
25; 30, 500; 600, G
26; 30, 520; 600, G
27; 30, 540; 600, G
28; 30, 560; 600, G
29; 30, 580; 600, G
30; 30, 600; 600, G
29; 29, 580; 580, G
28; 29, 560; 580, G
27; 29, 540; 580, G
26; 29, 520; 580, G
25; 29, 500; 580, G
24; 29, 480; 580, G
31; 28, 620; 560, G
32; 28, 640; 560, G
33; 28, 660; 560, G
34; 28, 680; 560, G
35; 28, 700; 560, G
35; 29, 700; 580, G
34; 29, 680; 580, G
33; 29, 660; 580, G
32; 29, 640; 580, G
30; 29, 600; 580, G
31; 29, 620; 580, G
31; 30, 620; 600, G
32; 30, 640; 600, G
33; 30, 660; 600, G
34; 30, 680; 600, G
35; 30, 700; 600, G
36; 30, 720; 600, G
36; 27, 720; 540, G
36; 28, 720; 560, G
36; 29, 720; 580, G
36; 26, 720; 520, G
36; 25, 720; 500, G
36; 24, 720; 480, G
36; 23, 720; 460, G
36; 22, 720; 440, G
36; 21, 720; 420, G
36; 20, 720; 400, G
36; 19, 720; 380, G
36; 18, 720; 360, G
36; 10, 720; 200, G
36; 11, 720; 220, G
36; 12, 720; 240, G
36; 13, 720; 260, G
36; 14, 720; 280, G
36; 15, 720; 300, G
36; 16, 720; 320, G
36; 17, 720; 340, G
36; 9, 720; 180, G
36; 8, 720; 160, G
36; 7, 720; 140, G
36; 6, 720; 120, G
36; 5, 720; 100, G
36; 4, 720; 80, G
36; 3, 720; 60, G
36; 2, 720; 40, G
36; 1, 720; 20, G
21; 31, 420; 620, G
21; 32, 420; 640, G
21; 33, 420; 660, G
21; 34, 420; 680, G
21; 35, 420; 700, G
21; 36, 420; 720, G
24; 31, 480; 620, G
24; 32, 480; 640, G
24; 33, 480; 660, G
24; 34, 480; 680, G
24; 35, 480; 700, G
24; 36, 480; 720, G
21; 37, 420; 740, G
24; 37, 480; 740, G
21; 38, 420; 760, G
21; 39, 420; 780, G
21; 40, 420; 800, G
21; 41, 420; 820, G
24; 38, 480; 760, G
24; 39, 480; 780, G
24; 40, 480; 800, G
24; 41, 480; 820, G
21; 45, 420; 900, B
22; 45, 440; 900, B
23; 45, 460; 900, B
24; 45, 480; 900, B
25; 45, 500; 900, B
26; 45, 520; 900, B
27; 45, 540; 900, B
27; 42, 540; 840, B
26; 42, 520; 840, B
25; 42, 500; 840, B
24; 42, 480; 840, B
21; 44, 420; 880, B
21; 43, 420; 860, B
21; 42, 420; 840, B
28; 42, 560; 840, B
29; 42, 580; 840, B
30; 42, 600; 840, B
28; 45, 560; 900, B
29; 45, 580; 900, B
30; 45, 600; 900, B
31; 45, 620; 900, B
31; 42, 620; 840, B
31; 41, 620; 820, B
31; 40, 620; 800, B
31; 39, 620; 780, B
31; 38, 620; 760, B
31; 37, 620; 740, B
31; 36, 620; 720, B
31; 35, 620; 700, B
36; 34, 720; 680, B
37; 34, 740; 680, B
38; 34, 760; 680, B
39; 34, 780; 680, B
40; 34, 800; 680, B
41; 34, 820; 680, B
42; 34, 840; 680, B
31; 34, 620; 680, B
32; 34, 640; 680, B
33; 34, 660; 680, B
34; 34, 680; 680, B
35; 34, 700; 680, B
34; 36, 680; 720, B
34; 37, 680; 740, B
34; 38, 680; 760, B
34; 39, 680; 780, B
34; 40, 680; 800, B
34; 41, 680; 820, B
35; 41, 700; 820, B
36; 41, 720; 820, B
37; 41, 740; 820, B
39; 36, 780; 720, B
39; 37, 780; 740, B
39; 38, 780; 760, B
39; 39, 780; 780, B
39; 40, 780; 800, B
40; 41, 800; 820, B
39; 41, 780; 820, B
41; 41, 820; 820, B
42; 41, 840; 820, B
40; 38, 800; 760, B
41; 38, 820; 760, B
40; 36, 800; 720, B
41; 36, 820; 720, B
42; 36, 840; 720, B
44; 36, 880; 720, B
45; 37, 900; 740, B
45; 38, 900; 760, B
46; 39, 920; 780, B
46; 40, 920; 800, B
47; 41, 940; 820, B
48; 40, 960; 800, B
48; 39, 960; 780, B
49; 38, 980; 760, B
49; 37, 980; 740, B
50; 36, 1000; 720, B
52; 36, 1040; 720, B
52; 37, 1040; 740, B
52; 38, 1040; 760, B
52; 39, 1040; 780, B
52; 40, 1040; 800, B
52; 41, 1040; 820, B
53; 41, 1060; 820, B
54; 41, 1080; 820, B
55; 41, 1100; 820, B
53; 38, 1060; 760, B
54; 38, 1080; 760, B
53; 36, 1060; 720, B
54; 36, 1080; 720, B
55; 36, 1100; 720, B
57; 36, 1140; 720, B
57; 37, 1140; 740, B
57; 38, 1140; 760, B
57; 41, 1140; 820, B
57; 40, 1140; 800, B
57; 39, 1140; 780, B
58; 41, 1160; 820, B
60; 41, 1200; 820, B
59; 41, 1180; 820, B
63; 36, 1290; 720, B
64; 36, 1310; 720, B
65; 36, 1330; 720, B
66; 36, 1350; 720, B
66; 37, 1350; 740, B
66; 38, 1350; 760, B
65; 38, 1330; 760, B
64; 38, 1310; 760, B
63; 38, 1290; 760, B
63; 39, 1290; 780, B
63; 40, 1290; 800, B
63; 41, 1290; 820, B
65; 41, 1330; 820, B
64; 41, 1310; 820, B
66; 41, 1350; 820, B
43; 34, 860; 680, B
44; 34, 880; 680, B
45; 34, 900; 680, B
46; 34, 920; 680, B
47; 34, 940; 680, B
48; 34, 960; 680, B
49; 34, 980; 680, B
50; 34, 1000; 680, B
51; 34, 1020; 680, B
52; 34, 1040; 680, B
53; 34, 1060; 680, B
54; 34, 1080; 680, B
55; 34, 1100; 680, B
56; 34, 1120; 680, B
57; 34, 1140; 680, B
58; 34, 1160; 680, B
59; 34, 1180; 680, B
60; 34, 1200; 680, B
61; 34, 1220; 680, B
62; 34, 1240; 680, B
63; 34, 1260; 680, B
64; 34, 1280; 680, B
65; 34, 1300; 680, B
66; 34, 1320; 680, B
67; 34, 1340; 680, B
68; 34, 1360; 680, B
69; 34, 1380; 680, B
70; 34, 1400; 680, B
70; 35, 1400; 700, B
70; 36, 1400; 720, B
70; 37, 1400; 740, B
70; 38, 1400; 760, B
70; 39, 1400; 780, B
70; 40, 1400; 800, B
70; 41, 1400; 820, B
32; 45, 640; 900, B
33; 45, 660; 900, B
34; 45, 680; 900, B
35; 45, 700; 900, B
36; 45, 720; 900, B
37; 45, 740; 900, B
38; 45, 760; 900, B
39; 45, 780; 900, B
40; 45, 800; 900, B
41; 45, 820; 900, B
42; 45, 840; 900, B
43; 45, 860; 900, B
44; 45, 880; 900, B
45; 45, 900; 900, B
46; 45, 920; 900, B
47; 45, 940; 900, B
48; 45, 960; 900, B
49; 45, 980; 900, B
50; 45, 1000; 900, B
51; 45, 1020; 900, B
52; 45, 1040; 900, B
53; 45, 1060; 900, B
54; 45, 1080; 900, B
55; 45, 1100; 900, B
56; 45, 1120; 900, B
57; 45, 1140; 900, B
58; 45, 1160; 900, B
59; 45, 1180; 900, B
60; 45, 1200; 900, B
61; 45, 1220; 900, B
62; 45, 1240; 900, B
63; 45, 1260; 900, B
64; 45, 1280; 900, B
65; 45, 1300; 900, B
66; 45, 1320; 900, B
67; 45, 1340; 900, B
70; 45, 1400; 900, B
70; 44, 1400; 880, B
70; 42, 1400; 840, B
70; 43, 1400; 860, B
70; 46, 1400; 920, B
70; 48, 1400; 960, B
70; 49, 1400; 980, B
70; 47, 1400; 940, B
70; 50, 1400; 1000, B
70; 51, 1400; 1020, B
69; 51, 1380; 1020, B
68; 51, 1360; 1020, B
67; 51, 1340; 1020, B
66; 51, 1320; 1020, B
65; 51, 1300; 1020, B
64; 51, 1280; 1020, B
63; 51, 1260; 1020, B
62; 51, 1240; 1020, B
61; 51, 1220; 1020, B
60; 51, 1200; 1020, B
59; 51, 1180; 1020, B
58; 51, 1160; 1020, B
57; 51, 1140; 1020, B
56; 51, 1120; 1020, B
55; 51, 1100; 1020, B
54; 51, 1080; 1020, B
53; 51, 1060; 1020, B
52; 51, 1040; 1020, B
51; 51, 1020; 1020, B
50; 51, 1000; 1020, B
49; 51, 980; 1020, B
48; 51, 960; 1020, B
47; 51, 940; 1020, B
46; 51, 920; 1020, B
45; 51, 900; 1020, B
44; 51, 880; 1020, B
43; 51, 860; 1020, B
42; 51, 840; 1020, B
41; 51, 820; 1020, B
40; 51, 800; 1020, B
68; 49, 1360; 980, B| move, 1.0, 841; 980, player, 1360; 960; 20; 20
66; 49, 1320; 980, B| move, 1.0, 801; 980, player, 1360; 960; 20; 20
64; 50, 1280; 1000, B
63; 50, 1260; 1000, B
62; 50, 1240; 1000, B
61; 50, 1220; 1000, B
60; 50, 1200; 1000, B
61; 49, 1220; 980, B
63; 49, 1260; 980, B
62; 49, 1240; 980, B
56; 50, 1120; 1000, B
55; 50, 1100; 1000, B
54; 50, 1080; 1000, B
55; 49, 1100; 980, B
54; 49, 1080; 980, B
53; 49, 1060; 980, B
53; 50, 1060; 1000, B
52; 50, 1040; 1000, B
51; 50, 1020; 1000, B
50; 50, 1000; 1000, B
50; 49, 1000; 980, B
49; 50, 980; 1000, B
49; 49, 980; 980, B
48; 49, 960; 980, B
48; 50, 960; 1000, B
47; 50, 940; 1000, B
44; 49, 880; 980, B
44; 50, 880; 1000, B
39; 49, 780; 980, B
39; 50, 780; 1000, B
39; 51, 780; 1020, B
38; 49, 760; 980, O
38; 50, 760; 1000, O
38; 51, 760; 1020, O
37; 49, 740; 980, O
37; 50, 740; 1000, O
37; 51, 740; 1020, O
37; 52, 740; 1040, O
31; 46, 620; 920, O
31; 48, 620; 960, O
31; 49, 620; 980, O
31; 50, 620; 1000, O
31; 51, 620; 1020, O
31; 52, 620; 1040, O
31; 53, 620; 1060, O
31; 54, 620; 1080, O
31; 55, 620; 1100, O
31; 56, 620; 1120, O
31; 57, 620; 1140, O
31; 47, 620; 940, O
33; 46, 660; 920, O
33; 47, 660; 940, O
33; 48, 660; 960, O
33; 49, 660; 980, O
33; 50, 660; 1000, O
33; 51, 660; 1020, O
33; 52, 660; 1040, O
33; 53, 660; 1060, O
35; 58, 700; 1160, O
35; 59, 700; 1180, O
35; 60, 700; 1200, O
37; 53, 740; 1060, O
37; 54, 740; 1080, O
37; 55, 740; 1100, O
37; 56, 740; 1120, O
37; 57, 740; 1140, O
37; 58, 740; 1160, O
37; 59, 740; 1180, O
37; 60, 740; 1200, O
37; 61, 740; 1220, O
37; 62, 740; 1240, O
37; 63, 740; 1260, O
33; 64, 660; 1280, O
33; 65, 660; 1300, O
33; 66, 660; 1320, O
33; 67, 660; 1340, O
31; 58, 620; 1160, O
31; 60, 620; 1200, O
31; 61, 620; 1220, O
31; 62, 620; 1240, O
31; 63, 620; 1260, O
31; 64, 620; 1280, O
31; 65, 620; 1300, O
31; 66, 620; 1320, O
31; 67, 620; 1340, O
31; 68, 620; 1360, O
31; 69, 620; 1380, O
31; 70, 620; 1400, O
31; 71, 620; 1420, O
31; 72, 620; 1440, O
31; 59, 620; 1180, O
35; 69, 700; 1380, O
35; 70, 700; 1400, O
33; 68, 660; 1360, O
37; 64, 740; 1280, O
37; 65, 740; 1300, O
37; 66, 740; 1320, O
37; 67, 740; 1340, O
37; 68, 740; 1360, O
37; 69, 740; 1380, O
37; 70, 740; 1400, O
33; 69, 660; 1380, O
33; 70, 660; 1400, O
33; 71, 660; 1420, O
37; 71, 740; 1420, O
37; 72, 740; 1440, O
35; 71, 700; 1420, O
33; 72, 660; 1440, O
35; 72, 700; 1440, O
31; 73, 620; 1460, O
31; 74, 620; 1480, O
32; 74, 640; 1480, O
33; 74, 660; 1480, O
34; 74, 680; 1480, O
35; 74, 700; 1480, O
36; 74, 720; 1480, O| move, 0.5, 700; 1480, player, 720; 1460; 20; 20
37; 74, 740; 1480, O
38; 74, 760; 1480, O
39; 74, 780; 1480, O
40; 74, 800; 1480, O
41; 74, 820; 1480, O
40; 70, 800; 1400, O
40; 69, 800; 1380, O
40; 68, 800; 1360, O
40; 67, 800; 1340, O
40; 66, 800; 1320, O
40; 71, 800; 1420, O
41; 71, 820; 1420, O
42; 71, 840; 1420, O
43; 71, 860; 1420, O
45; 66, 900; 1320, O
45; 67, 900; 1340, O
45; 68, 900; 1360, O
45; 69, 900; 1380, O
45; 70, 900; 1400, O
45; 71, 900; 1420, O
46; 71, 920; 1420, O
47; 71, 940; 1420, O
48; 71, 960; 1420, O
46; 68, 920; 1360, O
47; 68, 940; 1360, O
46; 66, 920; 1320, O
47; 66, 940; 1320, O
48; 66, 960; 1320, O
50; 66, 1000; 1320, O
51; 67, 1020; 1340, O
51; 68, 1020; 1360, O
52; 69, 1040; 1380, O
52; 70, 1040; 1400, O
53; 71, 1060; 1420, O| move, 1.0, 1060; 1260, player, 1060; 1400; 20; 20
54; 70, 1080; 1400, O
54; 69, 1080; 1380, O
55; 68, 1100; 1360, O
55; 67, 1100; 1340, O
56; 66, 1120; 1320, O
58; 66, 1160; 1320, O
58; 67, 1160; 1340, O
58; 68, 1160; 1360, O
58; 69, 1160; 1380, O
58; 70, 1160; 1400, O
58; 71, 1160; 1420, O
59; 71, 1180; 1420, O
60; 71, 1200; 1420, O
61; 71, 1220; 1420, O
59; 68, 1180; 1360, O
60; 68, 1200; 1360, O
59; 66, 1180; 1320, O
60; 66, 1200; 1320, O
61; 66, 1220; 1320, O
63; 66, 1260; 1320, O
63; 67, 1260; 1340, O
63; 68, 1260; 1360, O
63; 69, 1260; 1380, O
63; 70, 1260; 1400, O
63; 71, 1260; 1420, O
64; 71, 1280; 1420, O
66; 71, 1320; 1420, O
65; 71, 1300; 1420, O
69; 66, 1380; 1320, O
70; 66, 1400; 1320, O
71; 66, 1420; 1320, O
71; 67, 1420; 1340, O
71; 68, 1420; 1360, O
71; 69, 1420; 1380, O
71; 70, 1420; 1400, O
71; 71, 1420; 1420, O
70; 71, 1400; 1420, O
69; 71, 1380; 1420, O
70; 68, 1400; 1360, O
69; 68, 1380; 1360, O
38; 63, 760; 1260, O
39; 63, 780; 1260, O
40; 63, 800; 1260, O
41; 63, 820; 1260, O
48; 63, 960; 1260, O
45; 63, 900; 1260, O
42; 63, 840; 1260, O
43; 63, 860; 1260, O
44; 63, 880; 1260, O
46; 63, 920; 1260, O
47; 63, 940; 1260, O
49; 63, 980; 1260, O
56; 63, 1120; 1260, O
58; 63, 1160; 1260, O
57; 63, 1140; 1260, O
52; 63, 1040; 1260, O
50; 63, 1000; 1260, O
51; 63, 1020; 1260, O
59; 63, 1180; 1260, O
60; 63, 1200; 1260, O
61; 63, 1220; 1260, O
62; 63, 1240; 1260, O
63; 63, 1260; 1260, O
65; 63, 1300; 1260, O
67; 63, 1340; 1260, O
64; 63, 1280; 1260, O
66; 63, 1320; 1260, O
68; 63, 1360; 1260, O
69; 63, 1380; 1260, O
71; 63, 1420; 1260, O
72; 63, 1440; 1260, O
73; 63, 1460; 1260, O
73; 64, 1460; 1280, O
73; 66, 1460; 1320, O
73; 67, 1460; 1340, O
73; 68, 1460; 1360, O
70; 63, 1400; 1260, O
73; 65, 1460; 1300, O
48; 74, 960; 1480, O
49; 74, 980; 1480, O
42; 74, 840; 1480, O
43; 74, 860; 1480, O
44; 74, 880; 1480, O
45; 74, 900; 1480, O
46; 74, 920; 1480, O
47; 74, 940; 1480, O
50; 74, 1000; 1480, O
51; 74, 1020; 1480, O
52; 74, 1040; 1480, O
55; 74, 1100; 1480, O
58; 74, 1160; 1480, O
59; 74, 1180; 1480, O
60; 74, 1200; 1480, O
61; 74, 1220; 1480, O
57; 74, 1140; 1480, O
56; 74, 1120; 1480, O
54; 74, 1080; 1480, O
53; 74, 1060; 1480, O
62; 74, 1240; 1480, O
65; 74, 1300; 1480, O
68; 74, 1360; 1480, O
63; 74, 1260; 1480, O
64; 74, 1280; 1480, O
66; 74, 1320; 1480, O
67; 74, 1340; 1480, O
69; 74, 1380; 1480, O
73; 74, 1460; 1480, O
73; 73, 1460; 1460, O
73; 70, 1460; 1400, O
73; 69, 1460; 1380, O
73; 71, 1460; 1420, O
73; 72, 1460; 1440, O
55; 63, 1100; 1260, O
54; 63, 1080; 1260, O
54; 62, 1080; 1240, O
54; 61, 1080; 1220, O
52; 62, 1040; 1240, O
52; 61, 1040; 1220, O
52; 60, 1040; 1200, O
52; 59, 1040; 1180, O
53; 59, 1060; 1180, O
55; 59, 1100; 1180, O
56; 59, 1120; 1180, O
57; 59, 1140; 1180, O
54; 59, 1080; 1180, O
55; 61, 1100; 1220, O
57; 61, 1140; 1220, O
56; 61, 1120; 1220, O
58; 61, 1160; 1220, O
59; 61, 1180; 1220, O
60; 61, 1200; 1220, O
61; 61, 1220; 1220, O
62; 61, 1240; 1220, O
63; 61, 1260; 1220, O
64; 61, 1280; 1220, O
65; 61, 1300; 1220, O
66; 61, 1320; 1220, O
58; 59, 1160; 1180, O
59; 59, 1180; 1180, O
61; 59, 1220; 1180, O
64; 59, 1280; 1180, O
68; 59, 1360; 1180, O
60; 59, 1200; 1180, O
62; 59, 1240; 1180, O
63; 59, 1260; 1180, O
65; 59, 1300; 1180, O
66; 59, 1320; 1180, O
67; 59, 1340; 1180, O
67; 61, 1340; 1220, O
68; 61, 1360; 1220, O
69; 61, 1380; 1220, O
70; 61, 1400; 1220, O
71; 61, 1420; 1220, O
72; 61, 1440; 1220, O
73; 61, 1460; 1220, O
69; 59, 1380; 1180, O
70; 59, 1400; 1180, O
71; 59, 1420; 1180, O
72; 59, 1440; 1180, O
73; 59, 1460; 1180, O
74; 59, 1480; 1180, O
73; 75, 1460; 1500, O
73; 76, 1460; 1520, O
73; 77, 1460; 1540, O
73; 78, 1460; 1560, O
73; 79, 1460; 1580, O
73; 80, 1460; 1600, O
73; 81, 1460; 1620, O
73; 82, 1460; 1640, O
73; 84, 1460; 1680, O
73; 85, 1460; 1700, O
73; 86, 1460; 1720, O
73; 87, 1460; 1740, O
73; 88, 1460; 1760, O
73; 89, 1460; 1780, O
73; 90, 1460; 1800, O
73; 83, 1460; 1660, O
70; 89, 1400; 1780, O
70; 90, 1400; 1800, O
70; 91, 1400; 1820, O
71; 91, 1420; 1820, O
73; 91, 1460; 1820, O
72; 91, 1440; 1820, O
70; 86, 1400; 1720, O
70; 88, 1400; 1760, O
70; 87, 1400; 1740, O
70; 85, 1400; 1700, O
70; 84, 1400; 1680, O
70; 83, 1400; 1660, O
70; 82, 1400; 1640, O
70; 81, 1400; 1620, O
70; 80, 1400; 1600, O
70; 79, 1400; 1580, O
70; 78, 1400; 1560, O
70; 77, 1400; 1540, O
70; 76, 1400; 1520, O
70; 75, 1400; 1500, O
70; 74, 1400; 1480, O
74; 61, 1480; 1220, O
76; 61, 1520; 1220, O
77; 61, 1540; 1220, O
78; 61, 1560; 1220, O
79; 61, 1580; 1220, O
80; 61, 1600; 1220, O
81; 61, 1620; 1220, O
82; 61, 1640; 1220, O
83; 61, 1660; 1220, O
75; 61, 1500; 1220, O
75; 59, 1500; 1180, O
76; 59, 1520; 1180, O
77; 59, 1540; 1180, O
78; 59, 1560; 1180, O
79; 59, 1580; 1180, O
80; 59, 1600; 1180, O
81; 59, 1620; 1180, O
82; 59, 1640; 1180, O
83; 59, 1660; 1180, O
84; 59, 1680; 1180, O
85; 59, 1700; 1180, O
84; 61, 1680; 1220, O
85; 61, 1700; 1220, O
87; 61, 1740; 1220, O
88; 61, 1760; 1220, O
90; 61, 1800; 1220, O
86; 59, 1720; 1180, O
86; 61, 1720; 1220, O
89; 61, 1780; 1220, O
87; 59, 1740; 1180, O
89; 59, 1780; 1180, O
88; 59, 1760; 1180, O
90; 59, 1800; 1180, O
93; 58, 1860; 1160, O
94; 59, 1880; 1180, O
94; 60, 1880; 1200, O
94; 62, 1880; 1240, O
94; 61, 1880; 1220, O
92; 57, 1840; 1140, O
91; 58, 1820; 1160, O
90; 62, 1800; 1240, O
90; 63, 1800; 1260, O
91; 64, 1820; 1280, O
92; 64, 1840; 1280, O
93; 64, 1860; 1280, O
94; 64, 1880; 1280, O
95; 64, 1900; 1280, O
97; 61, 1940; 1220, O
95; 60, 1900; 1200, O
97; 60, 1940; 1200, O
96; 60, 1920; 1200, O
98; 62, 1960; 1240, O
98; 63, 1960; 1260, O
98; 64, 1960; 1280, O
98; 61, 1960; 1220, O
98; 60, 1960; 1200, O
95; 61, 1900; 1220, O
98; 65, 1960; 1300, O
98; 66, 1960; 1320, O
98; 68, 1960; 1360, O
98; 67, 1960; 1340, O
94; 65, 1880; 1300, O
94; 66, 1880; 1320, O
94; 67, 1880; 1340, O
94; 68, 1880; 1360, O
94; 69, 1880; 1380, O
94; 70, 1880; 1400, O
94; 71, 1880; 1420, O
94; 72, 1880; 1440, O
94; 73, 1880; 1460, O
94; 74, 1880; 1480, O
95; 74, 1900; 1480, O
96; 74, 1920; 1480, O
97; 74, 1940; 1480, O
97; 73, 1940; 1460, O
98; 74, 1960; 1480, O
98; 73, 1960; 1460, O
99; 73, 1980; 1460, O
100; 73, 2000; 1460, O
101; 73, 2020; 1460, O
102; 73, 2040; 1460, O
101; 72, 2020; 1440, O
102; 71, 2040; 1420, O
102; 72, 2040; 1440, O
99; 68, 1980; 1360, O
100; 67, 2000; 1340, O
101; 66, 2020; 1320, O
102; 65, 2040; 1300, O
91; 63, 1820; 1260, O
103; 72, 2060; 1440, O
103; 73, 2060; 1460, O
104; 73, 2080; 1460, O
103; 66, 2060; 1320, O
104; 67, 2080; 1340, O
105; 73, 2100; 1460, O| move, 1.0, 2100; 1620, player, 2099; 1458; 62; 20| move, 2.0, 2100; 1940, 107; 73, 2137; 1620; 20; 20
106; 73, 2120; 1460, O| move, 1.0, 2120; 1620, player, 2099; 1458; 62; 20| move, 2.0, 2120; 1940, 107; 73, 2137; 1620; 20; 20
107; 73, 2140; 1460, O| move, 1.0, 2140; 1620, player, 2099; 1458; 62; 20| move, 2.0, 2140; 1940, 107; 73, 2137; 1620; 20; 20
104; 83, 2080; 1660, O
104; 82, 2080; 1640, O
104; 81, 2080; 1620, O
104; 80, 2080; 1600, O
104; 79, 2080; 1580, O
104; 78, 2080; 1560, O
104; 77, 2080; 1540, O
104; 76, 2080; 1520, O
104; 75, 2080; 1500, O
104; 74, 2080; 1480, O
108; 73, 2160; 1460, O
108; 74, 2160; 1480, O
108; 75, 2160; 1500, O
108; 83, 2160; 1660, O
108; 82, 2160; 1640, O
108; 81, 2160; 1620, O
108; 80, 2160; 1600, O
108; 79, 2160; 1580, O
108; 78, 2160; 1560, O
108; 77, 2160; 1540, O
108; 76, 2160; 1520, O
108; 72, 2160; 1440, O
108; 71, 2160; 1420, O
107; 70, 2140; 1400, O
106; 69, 2120; 1380, O
105; 68, 2100; 1360, O
108; 84, 2160; 1680, O
108; 85, 2160; 1700, O
108; 86, 2160; 1720, O
108; 87, 2160; 1740, O
108; 88, 2160; 1760, O
108; 89, 2160; 1780, O
108; 90, 2160; 1800, O
104; 84, 2080; 1680, O
104; 86, 2080; 1720, O
104; 88, 2080; 1760, O
104; 89, 2080; 1780, O
104; 90, 2080; 1800, O
104; 85, 2080; 1700, O
104; 87, 2080; 1740, O
104; 91, 2080; 1820, O
104; 92, 2080; 1840, O
108; 92, 2160; 1840, O
108; 91, 2160; 1820, O
104; 93, 2080; 1860, O
104; 94, 2080; 1880, O
104; 95, 2080; 1900, O
104; 96, 2080; 1920, O
104; 97, 2080; 1940, O
105; 97, 2100; 1940, O
106; 97, 2120; 1940, O
107; 97, 2140; 1940, O
108; 97, 2160; 1940, O
109; 97, 2180; 1940, O
110; 97, 2200; 1940, O
111; 97, 2220; 1940, O
112; 97, 2240; 1940, O
108; 93, 2160; 1860, O
109; 93, 2180; 1860, O
110; 93, 2200; 1860, O
111; 93, 2220; 1860, O
112; 93, 2240; 1860, O
113; 93, 2260; 1860, O
114; 93, 2280; 1860, O
115; 93, 2300; 1860, O
116; 93, 2320; 1860, O
117; 93, 2340; 1860, O
118; 93, 2360; 1860, O
119; 93, 2380; 1860, O
121; 93, 2420; 1860, O
122; 93, 2440; 1860, O
123; 93, 2460; 1860, O
124; 93, 2480; 1860, O
125; 93, 2500; 1860, O
126; 93, 2520; 1860, O
120; 93, 2400; 1860, O
113; 97, 2260; 1940, O
114; 97, 2280; 1940, O
115; 97, 2300; 1940, O
122; 97, 2440; 1940, O
126; 97, 2520; 1940, O
125; 97, 2500; 1940, O
124; 97, 2480; 1940, O
123; 97, 2460; 1940, O
121; 97, 2420; 1940, O
120; 97, 2400; 1940, O
118; 97, 2360; 1940, O
117; 97, 2340; 1940, O
116; 97, 2320; 1940, O
119; 97, 2380; 1940, O
127; 97, 2540; 1940, O
128; 97, 2560; 1940, O
129; 97, 2580; 1940, O
130; 97, 2600; 1940, O
131; 97, 2620; 1940, O
132; 97, 2640; 1940, O
133; 97, 2660; 1940, O
134; 97, 2680; 1940, O
135; 97, 2700; 1940, O
136; 97, 2720; 1940, O
137; 97, 2740; 1940, O
138; 97, 2760; 1940, O
139; 97, 2780; 1940, O
140; 97, 2800; 1940, O
141; 97, 2820; 1940, O
142; 97, 2840; 1940, O
144; 97, 2880; 1940, O
143; 97, 2860; 1940, O
127; 93, 2540; 1860, O
128; 93, 2560; 1860, O
130; 93, 2600; 1860, O
131; 93, 2620; 1860, O
132; 93, 2640; 1860, O
133; 93, 2660; 1860, O
134; 93, 2680; 1860, O
136; 93, 2720; 1860, O
137; 93, 2740; 1860, O
138; 93, 2760; 1860, O
139; 93, 2780; 1860, O
140; 93, 2800; 1860, O
141; 93, 2820; 1860, O
142; 93, 2840; 1860, O
143; 93, 2860; 1860, O
135; 93, 2700; 1860, O
129; 93, 2580; 1860, O
145; 97, 2900; 1940, O
146; 97, 2920; 1940, O
147; 97, 2940; 1940, O
148; 97, 2960; 1940, O
149; 97, 2980; 1940, O
150; 97, 3000; 1940, O
152; 97, 3040; 1940, O| move, 0.5, 3220; 1940, player, 3019; 1938; 62; 20
153; 97, 3060; 1940, O| move, 0.5, 3240; 1940, player, 3019; 1938; 62; 20
145; 93, 2900; 1860, O
147; 93, 2940; 1860, O
149; 93, 2980; 1860, O
150; 93, 3000; 1860, O
151; 93, 3020; 1860, O
152; 93, 3040; 1860, O
153; 93, 3060; 1860, O
154; 93, 3080; 1860, O
155; 93, 3100; 1860, O
156; 93, 3120; 1860, O
157; 93, 3140; 1860, O
158; 93, 3160; 1860, O
159; 93, 3180; 1860, O
160; 93, 3200; 1860, O
161; 93, 3220; 1860, O
162; 93, 3240; 1860, O
115; 96, 2300; 1920, O
140; 96, 2800; 1930, O
140; 94, 2800; 1870, O
144; 92, 2880; 1840, O
148; 92, 2960; 1840, O
151; 97, 3020; 1940, O| move, 0.5, 3200; 1940, player, 3019; 1938; 62; 20
146; 92, 2920; 1840, O
163; 97, 3260; 1940, O
164; 97, 3280; 1940, O
166; 97, 3320; 1940, O
167; 97, 3340; 1940, O
165; 97, 3300; 1940, O
165; 95, 3300; 1900, O
165; 93, 3300; 1860, O
165; 92, 3300; 1840, O
165; 91, 3300; 1820, O
165; 90, 3300; 1800, O
165; 94, 3300; 1880, O
166; 92, 3320; 1840, O
167; 92, 3340; 1840, O
168; 90, 3360; 1800, O
168; 93, 3360; 1860, O
168; 94, 3360; 1880, O
168; 91, 3360; 1820, O
168; 92, 3360; 1840, O
168; 95, 3360; 1900, O
170; 95, 3400; 1900, O
170; 93, 3400; 1860, O
170; 94, 3400; 1880, O
170; 92, 3400; 1840, O
170; 91, 3400; 1820, O
171; 90, 3420; 1800, O
172; 90, 3440; 1800, O
173; 91, 3460; 1820, O
173; 92, 3460; 1840, O
173; 93, 3460; 1860, O
173; 94, 3460; 1880, O
173; 95, 3460; 1900, O
171; 92, 3420; 1840, O
172; 92, 3440; 1840, O
175; 90, 3500; 1800, O
175; 91, 3500; 1820, O
175; 93, 3500; 1860, O
175; 92, 3500; 1840, O
175; 94, 3500; 1880, O
175; 95, 3500; 1900, O
176; 95, 3520; 1900, O
177; 95, 3540; 1900, O
178; 94, 3560; 1880, O
178; 93, 3560; 1860, O
177; 92, 3540; 1840, O
176; 92, 3520; 1840, O
178; 91, 3560; 1820, O
177; 90, 3540; 1800, O
176; 90, 3520; 1800, O
180; 90, 3600; 1800, O
181; 90, 3620; 1800, O
182; 90, 3640; 1800, O
181; 91, 3620; 1820, O
181; 92, 3620; 1840, O
181; 93, 3620; 1860, O
181; 94, 3620; 1880, O
181; 95, 3620; 1900, O
180; 95, 3600; 1900, O
182; 95, 3640; 1900, O
184; 90, 3680; 1800, O
184; 91, 3680; 1820, O
184; 92, 3680; 1840, O
184; 93, 3680; 1860, O
184; 94, 3680; 1880, O
184; 95, 3680; 1900, O
185; 90, 3700; 1800, O
186; 90, 3720; 1800, O
187; 91, 3740; 1820, O
186; 92, 3720; 1840, O
185; 92, 3700; 1840, O
189; 90, 3780; 1800, O
189; 91, 3780; 1820, O
189; 92, 3780; 1840, O
189; 93, 3780; 1860, O
189; 94, 3780; 1880, O
189; 95, 3780; 1900, O
190; 90, 3800; 1800, O
191; 90, 3820; 1800, O
192; 91, 3840; 1820, O
191; 92, 3820; 1840, O
190; 92, 3800; 1840, O
194; 91, 3880; 1820, O
194; 92, 3880; 1840, O
194; 93, 3880; 1860, O
195; 90, 3900; 1800, O
196; 90, 3920; 1800, O
197; 91, 3940; 1820, O
197; 92, 3940; 1840, O
197; 93, 3940; 1860, O
197; 94, 3940; 1880, O
196; 95, 3920; 1900, O
195; 95, 3900; 1900, O
194; 94, 3880; 1880, O
168; 97, 3360; 1940, O
169; 97, 3380; 1940, O
173; 97, 3460; 1940, O
174; 97, 3480; 1940, O
176; 97, 3520; 1940, O
177; 97, 3540; 1940, O
178; 97, 3560; 1940, O
179; 97, 3580; 1940, O
175; 97, 3500; 1940, O
172; 97, 3440; 1940, O
170; 97, 3400; 1940, O
171; 97, 3420; 1940, O
180; 97, 3600; 1940, O
183; 97, 3660; 1940, O
185; 97, 3700; 1940, O
186; 97, 3720; 1940, O
188; 97, 3760; 1940, O
187; 97, 3740; 1940, O
184; 97, 3680; 1940, O
182; 97, 3640; 1940, O
181; 97, 3620; 1940, O
189; 97, 3780; 1940, O
190; 97, 3800; 1940, O
191; 97, 3820; 1940, O
192; 97, 3840; 1940, O
193; 97, 3860; 1940, O
194; 97, 3880; 1940, O
195; 97, 3900; 1940, O
196; 97, 3920; 1940, O
197; 97, 3940; 1940, O
198; 97, 3960; 1940, O
199; 97, 3980; 1940, O
199; 96, 3980; 1920, O
199; 95, 3980; 1900, O
199; 94, 3980; 1880, O
199; 93, 3980; 1860, O
199; 92, 3980; 1840, O
199; 91, 3980; 1820, O
199; 90, 3980; 1800, O
199; 89, 3980; 1780, O
199; 88, 3980; 1760, O
198; 88, 3960; 1760, O
195; 88, 3900; 1760, O
194; 88, 3880; 1760, O
193; 88, 3860; 1760, O
191; 88, 3820; 1760, O
190; 88, 3800; 1760, O
189; 88, 3780; 1760, O
197; 88, 3940; 1760, O
196; 88, 3920; 1760, O
192; 88, 3840; 1760, O
195; 91, 3900; 1820, G
195; 93, 3900; 1860, G
195; 94, 3900; 1880, G
196; 94, 3920; 1880, G
196; 93, 3920; 1860, G
196; 92, 3920; 1840, G
196; 91, 3920; 1820, G
195; 92, 3900; 1840, G
188; 88, 3760; 1760, O
187; 88, 3740; 1760, O
186; 88, 3720; 1760, O
185; 88, 3700; 1760, O
184; 88, 3680; 1760, O
183; 88, 3660; 1760, O
182; 88, 3640; 1760, O
181; 88, 3620; 1760, O
180; 88, 3600; 1760, O
179; 88, 3580; 1760, O
178; 88, 3560; 1760, O
177; 88, 3540; 1760, O
176; 88, 3520; 1760, O
175; 88, 3500; 1760, O
174; 88, 3480; 1760, O
173; 88, 3460; 1760, O
172; 88, 3440; 1760, O
171; 88, 3420; 1760, O
170; 88, 3400; 1760, O
169; 88, 3380; 1760, O
168; 88, 3360; 1760, O
167; 88, 3340; 1760, O
166; 88, 3320; 1760, O
165; 88, 3300; 1760, O
164; 88, 3280; 1760, O
163; 88, 3260; 1760, O
163; 93, 3260; 1860, O
163; 91, 3260; 1820, O
163; 92, 3260; 1840, O
163; 90, 3260; 1800, O
163; 89, 3260; 1780, O
#spikes
30; 19, 600; 380, 1
29; 20, 580; 400, 1
28; 20, 560; 400, 1
27; 20, 540; 400, 1
23; 20, 460; 400, 1
22; 20, 440; 400, 1
21; 20, 420; 400, 1
26; 20, 520; 400, 1
25; 20, 500; 400, 1
24; 20, 480; 400, 1
19; 20, 380; 400, 1
18; 22, 360; 440, 2
19; 22, 380; 440, 2
21; 22, 420; 440, 2
22; 22, 440; 440, 2
23; 22, 460; 440, 2
24; 22, 480; 440, 2
25; 22, 500; 440, 2
26; 22, 520; 440, 2
27; 22, 540; 440, 2
28; 22, 560; 440, 2
29; 22, 580; 440, 2
30; 21, 600; 420, 2
31; 20, 620; 400, 2
32; 19, 640; 380, 2
33; 19, 660; 380, 2
34; 19, 680; 380, 2
35; 19, 700; 380, 2
25; 25, 500; 490, 1
27; 25, 540; 490, 1
23; 25, 460; 490, 1
29; 25, 580; 490, 1
23; 26, 460; 510, 2
25; 26, 500; 510, 2
27; 26, 540; 510, 2
29; 26, 580; 510, 2
31; 24, 620; 480, 1
32; 24, 640; 480, 1
33; 24, 660; 480, 1
34; 24, 680; 480, 1
34; 25, 680; 500, 2
33; 25, 660; 500, 2
32; 25, 640; 500, 2
31; 25, 620; 500, 2
24; 26, 480; 520, 1
26; 26, 520; 520, 1
28; 26, 560; 520, 1
30; 25, 600; 500, 1
22; 26, 440; 520, 1
21; 26, 420; 520, 1
20; 26, 400; 520, 1
19; 26, 380; 520, 1
18; 26, 360; 520, 1
18; 25, 360; 500, 4
18; 24, 360; 480, 4
18; 23, 360; 460, 4
22; 33, 440; 660, 4
23; 35, 460; 700, 3
22; 38, 440; 760, 4
23; 41, 460; 820, 3
22; 44, 440; 880, 1
69; 50, 1380; 1000, 1
68; 50, 1360; 1000, 1
67; 50, 1340; 1000, 1
66; 50, 1320; 1000, 1
65; 50, 1300; 1000, 1
59; 50, 1180; 1000, 1
58; 50, 1160; 1000, 1
57; 50, 1140; 1000, 1
46; 50, 920; 1000, 1
45; 50, 900; 1000, 1
43; 50, 860; 1000, 1
42; 50, 840; 1000, 1
41; 50, 820; 1000, 1
40; 50, 800; 1000, 1
63; 48, 1260; 960, 1
61; 48, 1220; 960, 1
64; 49, 1280; 980, 1
60; 49, 1200; 980, 1
62; 48, 1240; 960, 1
56; 49, 1120; 980, 1
55; 48, 1100; 960, 1
54; 48, 1080; 960, 1
53; 48, 1060; 960, 1
52; 49, 1040; 980, 1
51; 49, 1020; 980, 1
50; 48, 1000; 960, 1
49; 48, 980; 960, 1
48; 48, 960; 960, 1
47; 49, 940; 980, 1
44; 48, 880; 960, 1
43; 46, 860; 920, 2
45; 46, 900; 920, 2
35; 57, 700; 1140, 1
33; 63, 660; 1260, 1
35; 68, 700; 1360, 1
32; 73, 640; 1460, 1
34; 73, 680; 1460, 1
33; 73, 660; 1460, 1
35; 73, 700; 1460, 1
72; 90, 1440; 1800, 1
71; 90, 1420; 1800, 1
93; 61, 1860; 1220, 3
93; 60, 1860; 1200, 3
93; 59, 1860; 1180, 3
92; 58, 1840; 1160, 2
91; 59, 1820; 1180, 4
91; 62, 1820; 1240, 4
97; 64, 1940; 1280, 3
97; 63, 1940; 1260, 3
97; 62, 1940; 1240, 3
96; 61, 1920; 1220, 2
95; 62, 1900; 1240, 4
97; 65, 1940; 1300, 3
97; 66, 1940; 1320, 3
97; 67, 1940; 1340, 3
97; 68, 1940; 1360, 3
95; 65, 1900; 1300, 4
95; 66, 1900; 1320, 4
95; 67, 1900; 1340, 4
95; 68, 1900; 1360, 4
95; 69, 1900; 1380, 4
95; 70, 1900; 1400, 4
96; 73, 1920; 1460, 1
95; 73, 1900; 1460, 4
95; 72, 1900; 1440, 4
95; 71, 1900; 1420, 4
97; 72, 1940; 1440, 1
98; 69, 1960; 1380, 2
100; 72, 2000; 1440, 1
101; 71, 2020; 1420, 1
102; 70, 2040; 1400, 1
99; 69, 1980; 1380, 2
100; 68, 2000; 1360, 2
101; 67, 2020; 1340, 2
102; 66, 2040; 1320, 2
92; 63, 1840; 1260, 1
103; 71, 2060; 1420, 1
104; 72, 2080; 1440, 1
103; 67, 2060; 1340, 2
104; 68, 2080; 1360, 2
105; 77, 2100; 1540, 1
107; 77, 2140; 1540, 1
105; 81, 2100; 1620, 1
106; 81, 2120; 1620, 1
107; 85, 2140; 1700, 1
106; 85, 2120; 1700, 1
106; 90, 2120; 1800, 1
105; 90, 2100; 1800, 1
107; 93, 2140; 1860, 1| move, 1.0, 2120; 1860, 107; 73, 2140; 1840; 20; 20
105; 93, 2100; 1860, 1
105; 69, 2100; 1380, 2
106; 70, 2120; 1400, 2
107; 71, 2140; 1420, 2
114; 96, 2280; 1920, 1
115; 95, 2300; 1900, 1
117; 94, 2340; 1880, 3
117; 95, 2340; 1900, 3
118; 95, 2360; 1900, 4
118; 94, 2360; 1880, 4
119; 96, 2380; 1925, 1
120; 96, 2400; 1925, 1
121; 96, 2420; 1925, 1
122; 95, 2440; 1900, 3
122; 94, 2440; 1880, 3
123; 95, 2460; 1900, 4
123; 94, 2460; 1880, 4
119; 94, 2380; 1870, 2
120; 94, 2400; 1870, 2
121; 94, 2420; 1870, 2
125; 96, 2500; 1920, 1
126; 96, 2520; 1920, 1
128; 96, 2560; 1920, 1
129; 96, 2580; 1920, 1
127; 94, 2540; 1880, 2
124; 94, 2480; 1880, 2
130; 94, 2600; 1880, 2
131; 96, 2620; 1920, 1
132; 96, 2640; 1920, 1
133; 96, 2660; 1920, 1| move, 2.0, 2660; 1880; 2, player, 2640; 1879; 20; 62
134; 96, 2680; 1920, 1
135; 96, 2700; 1920, 1
139; 96, 2780; 1930, 3
141; 96, 2820; 1930, 4
139; 94, 2780; 1870, 3
141; 94, 2820; 1870, 4
143; 96, 2860; 1920, 1
144; 95, 2880; 1900, 2
145; 96, 2900; 1920, 1
146; 95, 2920; 1900, 2
147; 96, 2940; 1920, 1
149; 96, 2980; 1920, 1
148; 95, 2960; 1900, 1
154; 97, 3080; 1937, 1
155; 97, 3100; 1937, 1
156; 97, 3120; 1937, 1
157; 97, 3140; 1937, 1
158; 97, 3160; 1937, 1
159; 97, 3180; 1937, 1
160; 97, 3200; 1937, 1
161; 97, 3220; 1937, 1
162; 97, 3240; 1937, 1
154; 94, 3080; 1880, 2
155; 94, 3100; 1880, 2
156; 94, 3120; 1880, 2
157; 94, 3140; 1880, 2
158; 94, 3160; 1880, 2
159; 94, 3180; 1880, 2
160; 94, 3200; 1880, 2
161; 94, 3220; 1880, 2
162; 94, 3240; 1880, 2
154; 98, 3080; 1957, 2
155; 98, 3100; 1957, 2
156; 98, 3120; 1957, 2
157; 98, 3140; 1957, 2
158; 98, 3160; 1957, 2
159; 98, 3180; 1957, 2
160; 98, 3200; 1957, 2
161; 98, 3220; 1957, 2
162; 98, 3240; 1957, 2