#misc
spawn, 146, 189, 0
#blocks
0; 4, 0; 80, G
0; 10, 0; 200, G
1; 10, 20; 200, G
2; 10, 40; 200, G
3; 10, 60; 200, G
4; 10, 80; 200, G
5; 10, 100; 200, G
6; 10, 120; 200, G
7; 10, 140; 200, G
8; 10, 160; 200, G
9; 10, 180; 200, G
10; 10, 200; 200, G
11; 10, 220; 200, G
12; 10, 240; 200, G
13; 10, 260; 200, G
14; 10, 280; 200, G
1; 4, 20; 80, G
2; 4, 40; 80, G
3; 4, 60; 80, G
4; 4, 80; 80, G
5; 4, 100; 80, G
14; 4, 280; 80, G
13; 4, 260; 80, G
12; 4, 240; 80, G
11; 4, 220; 80, G
10; 4, 200; 80, G
9; 4, 180; 80, G
8; 4, 160; 80, G
7; 4, 140; 80, G
6; 4, 120; 80, G
12; 9, 240; 180, G
12; 8, 240; 160, G
12; 7, 240; 140, G
12; 6, 240; 120, G
12; 5, 240; 100, G
2; 9, 40; 180, G
2; 8, 40; 160, G
2; 7, 40; 140, G
2; 6, 40; 120, G
2; 5, 40; 100, G
#spikes
11; 5, 220; 100, 3
11; 6, 220; 120, 3
11; 7, 220; 140, 3
11; 8, 220; 160, 3
11; 9, 220; 180, 3
3; 9, 60; 180, 4
3; 8, 60; 160, 4
3; 7, 60; 140, 4
3; 6, 60; 120, 4
3; 5, 60; 100, 4