#misc
spawn, 146, 69, 0
#blocks
3; 13, 60; 260, G
3; 12, 60; 240, G
3; 11, 60; 220, G
3; 10, 60; 200, G
3; 9, 60; 180, G
3; 8, 60; 160, G
3; 14, 60; 280, G
11; 14, 220; 280, G
11; 13, 220; 260, G
11; 12, 220; 240, G
11; 11, 220; 220, G
11; 10, 220; 200, G
11; 9, 220; 180, G
11; 8, 220; 160, G
11; 7, 220; 140, G
11; 6, 220; 120, G
11; 5, 220; 100, G
11; 4, 220; 80, G
11; 3, 220; 60, G
11; 2, 220; 40, G
11; 1, 220; 20, G
11; 0, 220; 0, G
3; 7, 60; 140, G
3; 6, 60; 120, G
3; 5, 60; 100, G
3; 4, 60; 80, G
3; 3, 60; 60, G
3; 2, 60; 40, G
3; 1, 60; 20, G
3; 0, 60; 0, G
4; 4, 80; 80, G
5; 4, 100; 80, G
6; 4, 120; 80, G
7; 4, 140; 80, G
8; 4, 160; 80, G
9; 4, 180; 80, G
10; 4, 200; 80, G
#spikes