#misc
checkpoint, 63; 39
checkpoint, 52; 53
checkpoint, 42; 53
checkpoint, 32; 60
checkpoint, 29; 62
checkpoint, 24; 98
checkpoint, 43; 100
exit, 1700; 1980, 1840; 1930; 2; 100, 4, TitleLevel(CP), 1, 6
size, 1840, 2240
spawn, 6, 409, 1
name, Title Level
area, 1
music, 7
#blocks
42; 21, 840; 420, G
43; 21, 860; 420, G
44; 21, 880; 420, G
45; 21, 900; 420, G
46; 21, 920; 420, G
47; 21, 940; 420, G
42; 17, 840; 340, G
43; 17, 860; 340, G
44; 17, 880; 340, G
45; 17, 900; 340, G
46; 17, 920; 340, G
47; 17, 940; 340, G
48; 17, 960; 340, G
48; 21, 960; 420, G
49; 21, 980; 420, G
50; 21, 1000; 420, G
51; 21, 1020; 420, G
52; 21, 1040; 420, G
53; 21, 1060; 420, G
54; 21, 1080; 420, G
55; 21, 1100; 420, G
56; 21, 1120; 420, G
57; 21, 1140; 420, G
58; 21, 1160; 420, G
59; 21, 1180; 420, G
49; 17, 980; 340, G
50; 17, 1000; 340, G
51; 17, 1020; 340, G
52; 17, 1040; 340, G
53; 17, 1060; 340, G
54; 17, 1080; 340, G
55; 17, 1100; 340, G
56; 17, 1120; 340, G
57; 17, 1140; 340, G
58; 17, 1160; 340, G
59; 17, 1180; 340, G
60; 17, 1200; 340, G
61; 17, 1220; 340, G
62; 17, 1240; 340, G
63; 17, 1260; 340, G
64; 17, 1280; 340, G
65; 17, 1300; 340, G
66; 17, 1320; 340, G
64; 21, 1280; 420, G| move, 1.0, 1280; 800, player, 1279; 418; 62; 20| front
65; 21, 1300; 420, G| move, 1.0, 1300; 800, player, 1279; 418; 62; 20| front
66; 21, 1320; 420, G| move, 1.0, 1320; 800, player, 1279; 418; 62; 20| front
67; 20, 1340; 400, G
67; 21, 1340; 420, G
67; 19, 1340; 380, G
67; 18, 1340; 360, G
67; 17, 1340; 340, G
67; 22, 1340; 440, B
67; 23, 1340; 460, B
67; 24, 1340; 480, B
67; 25, 1340; 500, B
67; 26, 1340; 520, B
67; 27, 1340; 540, B
67; 28, 1340; 560, B
63; 22, 1260; 440, B
63; 23, 1260; 460, B
63; 24, 1260; 480, B
63; 25, 1260; 500, B
63; 26, 1260; 520, B
63; 27, 1260; 540, B
63; 28, 1260; 560, B
63; 29, 1260; 580, B
67; 29, 1340; 580, B
67; 30, 1340; 600, B
67; 31, 1340; 620, B
67; 32, 1340; 640, B
67; 33, 1340; 660, B
63; 30, 1260; 600, B
63; 31, 1260; 620, B
63; 32, 1260; 640, B
63; 33, 1260; 660, B
63; 34, 1260; 680, B
63; 35, 1260; 700, B
63; 36, 1260; 720, B
63; 37, 1260; 740, B
67; 34, 1340; 680, B
67; 35, 1340; 700, B
67; 36, 1340; 720, B
67; 37, 1340; 740, B
67; 38, 1340; 760, B
67; 39, 1340; 780, B
66; 32, 1320; 640, B
64; 35, 1280; 700, B
59; 22, 1180; 440, G
61; 23, 1220; 460, G
62; 23, 1240; 460, G
60; 22, 1200; 440, G
60; 23, 1200; 460, G
63; 40, 1260; 800, B
62; 40, 1240; 800, B
61; 40, 1220; 800, B
62; 37, 1240; 740, B
61; 37, 1220; 740, B
60; 37, 1200; 740, B
59; 37, 1180; 740, B
58; 37, 1160; 740, B
60; 40, 1200; 800, B
59; 40, 1180; 800, B
58; 40, 1160; 800, B
57; 40, 1140; 800, B
56; 40, 1120; 800, B
55; 40, 1100; 800, B
54; 40, 1080; 800, B
53; 40, 1060; 800, B
52; 37, 1040; 740, B
53; 37, 1060; 740, B
54; 37, 1080; 740, B
55; 37, 1100; 740, B
56; 37, 1120; 740, B
57; 37, 1140; 740, B
52; 40, 1040; 800, B
51; 40, 1020; 800, B
51; 37, 1020; 740, B
50; 37, 1000; 740, B
50; 40, 1000; 800, B
49; 37, 980; 740, B
48; 37, 960; 740, B
48; 38, 960; 760, B
48; 39, 960; 780, B
48; 40, 960; 800, B
48; 41, 960; 820, B
48; 42, 960; 840, B
48; 43, 960; 860, B
50; 41, 1000; 820, B
50; 42, 1000; 840, B
50; 43, 1000; 860, B
51; 44, 1020; 880, O
51; 45, 1020; 900, O
51; 46, 1020; 920, O
51; 47, 1020; 940, O
51; 43, 1020; 860, B
49; 46, 980; 920, O
48; 46, 960; 920, O
48; 45, 960; 900, O
48; 44, 960; 880, O
51; 48, 1020; 960, O
51; 49, 1020; 980, O
51; 50, 1020; 1000, O
48; 47, 960; 940, O
48; 48, 960; 960, O
48; 49, 960; 980, O
48; 50, 960; 1000, O
50; 50, 1000; 1000, O
51; 51, 1020; 1020, O
48; 51, 960; 1020, O
48; 52, 960; 1040, O
48; 53, 960; 1060, O
51; 54, 1020; 1080, O
52; 54, 1040; 1080, O
49; 55, 980; 1100, O
49; 56, 980; 1120, O
50; 56, 1000; 1120, O
51; 56, 1020; 1120, O
51; 55, 1020; 1100, O
48; 54, 960; 1080, O
67; 40, 1340; 800, B
66; 40, 1320; 800, B
65; 40, 1300; 800, B
64; 40, 1280; 800, B
55; 52, 1100; 1040, O
55; 53, 1100; 1060, O
54; 54, 1080; 1080, O
53; 54, 1060; 1080, O
55; 54, 1100; 1080, O
56; 54, 1120; 1080, O
56; 48, 1120; 975, O
54; 48, 1080; 975, O
55; 47, 1100; 940, O
53; 49, 1060; 980, O
52; 49, 1040; 980, O
57; 49, 1140; 980, O
58; 49, 1160; 980, O
59; 49, 1180; 980, O
58; 54, 1160; 1080, O| alternate, 1160; 1080, 1160; 1160, 1060; 1160, 1060; 1240, 940; 1240, 940; 1160, 878; 1160, 880; 1120, 880; 1080, 0.8, player, 1160; 1060; 20; 20| move, 0.5, 880; 1080, 58; 54, 879; 1080; 20; 20
60; 49, 1200; 980, O
60; 54, 1200; 1080, O
60; 53, 1200; 1060, O
60; 52, 1200; 1040, O
60; 51, 1200; 1020, O
60; 50, 1200; 1000, O
43; 54, 860; 1080, O
42; 54, 840; 1080, O
41; 54, 820; 1080, O
40; 54, 800; 1080, O
39; 54, 780; 1080, O
46; 53, 920; 1060, O
47; 53, 940; 1060, O
45; 52, 900; 1040, O
44; 51, 880; 1020, O
43; 51, 860; 1020, O
42; 51, 840; 1020, O
41; 51, 820; 1020, O
38; 54, 760; 1080, O| teleport, 740; 1080, 39; 53, 740; 1060; 20; 20| front
37; 54, 740; 1080, O
37; 53, 740; 1060, O
37; 52, 740; 1040, O
37; 51, 740; 1020, O
39; 56, 780; 1120, O
37; 56, 740; 1120, O
39; 57, 780; 1140, O
39; 58, 780; 1160, O
39; 59, 780; 1180, O
37; 50, 740; 1000, O
38; 50, 760; 1000, O
39; 50, 780; 1000, O
40; 50, 800; 1000, O
41; 50, 820; 1000, O
39; 60, 780; 1200, O
38; 60, 760; 1200, O
37; 61, 740; 1220, O
36; 61, 720; 1220, O
36; 56, 720; 1120, O
35; 57, 700; 1140, O
35; 61, 700; 1220, O
34; 61, 680; 1220, O
33; 61, 660; 1220, R
32; 61, 640; 1220, R
31; 61, 620; 1220, R| teleport, 580; 1100, player, 567; 1043; 32; 44
30; 61, 600; 1220, R
29; 61, 580; 1220, R
34; 57, 680; 1140, R
29; 59, 580; 1180, R
29; 60, 580; 1200, R
29; 58, 580; 1160, R
29; 57, 580; 1140, R
30; 56, 600; 1120, R
29; 56, 580; 1120, R
32; 59, 640; 1180, R
32; 58, 640; 1160, R
32; 57, 640; 1140, R
33; 57, 660; 1140, R
30; 55, 600; 1100, R
29; 55, 580; 1100, R
34; 53, 680; 1060, R
37; 49, 740; 980, R
36; 49, 720; 980, R
35; 48, 700; 960, R
34; 48, 680; 960, R
33; 48, 660; 960, R
32; 48, 640; 960, R
31; 48, 620; 960, R
30; 48, 600; 960, R
29; 49, 580; 980, R
28; 50, 560; 1000, R
27; 51, 540; 1020, R
27; 52, 540; 1040, R
27; 53, 540; 1060, R
28; 54, 560; 1080, R
32; 62, 640; 1240, Pi
32; 63, 640; 1260, Pi
31; 63, 620; 1260, Pi
30; 63, 600; 1260, Pi
29; 63, 580; 1260, Pi
28; 63, 560; 1260, Pi
27; 63, 540; 1260, Pi
26; 62, 520; 1240, Pi
25; 62, 500; 1240, Pi
24; 62, 480; 1240, Pi
28; 60, 560; 1200, Pi
27; 59, 540; 1180, Pi
26; 58, 520; 1160, Pi
25; 57, 500; 1140, Pi
24; 58, 480; 1160, Pi
23; 59, 460; 1180, Pi
22; 60, 440; 1200, Pi
21; 61, 420; 1220, Pi
24; 63, 480; 1260, Pi
24; 64, 480; 1280, Pi
23; 64, 460; 1280, Pi
20; 62, 400; 1240, Pi
23; 65, 460; 1300, Pi
21; 65, 420; 1300, Pi
23; 66, 460; 1320, Pi
21; 66, 420; 1320, Pi
22; 67, 440; 1340, Pi
19; 63, 380; 1260, Pi
19; 64, 380; 1280, Pi
19; 65, 380; 1300, Pi
19; 66, 380; 1320, Pi
19; 67, 380; 1340, Pi
21; 67, 420; 1340, Pi
23; 67, 460; 1340, Pi
21; 68, 420; 1360, Pi
21; 69, 420; 1380, Pi
21; 70, 420; 1400, Pi
21; 71, 420; 1420, Pi
21; 72, 420; 1440, Pi
21; 73, 420; 1460, Pi
21; 74, 420; 1480, Pi
20; 74, 400; 1480, Pi
19; 68, 380; 1360, Pi
19; 69, 380; 1380, Pi
19; 70, 380; 1400, Pi
18; 71, 360; 1420, Pi
18; 72, 360; 1440, Pi
18; 73, 360; 1460, Pi
18; 74, 360; 1480, Pi
18; 75, 360; 1500, Pi
18; 76, 360; 1520, Pi
18; 77, 360; 1540, Pi
18; 78, 360; 1560, Pi
18; 79, 360; 1580, Pi
19; 79, 380; 1580, Pi
21; 79, 420; 1580, Pi
21; 75, 420; 1500, Pi
21; 76, 420; 1520, Pi
21; 77, 420; 1540, Pi
21; 78, 420; 1560, Pi
20; 79, 400; 1580, Pi| move, 3.5, 400; 1147, player, 400; 1514; 20; 50| front
18; 80, 360; 1600, Pi
18; 81, 360; 1620, Pi
18; 82, 360; 1640, Pi
18; 83, 360; 1660, Pi
18; 84, 360; 1680, Pi
19; 84, 380; 1680, Pi
19; 85, 380; 1700, Pi
19; 86, 380; 1720, Pi
20; 86, 400; 1720, Pi
20; 87, 400; 1740, Pi
20; 88, 400; 1760, Pi
20; 89, 400; 1780, Pi
21; 89, 420; 1780, Pi
24; 85, 480; 1700, Pi
24; 84, 480; 1680, Pi
24; 83, 480; 1660, Pi
24; 82, 480; 1640, Pi
23; 82, 460; 1640, Pi
23; 81, 460; 1620, Pi
22; 80, 440; 1600, Pi
23; 80, 460; 1600, Pi
22; 79, 440; 1580, Pi
25; 85, 500; 1700, Pi
25; 86, 500; 1720, Pi
25; 87, 500; 1740, Pi
25; 88, 500; 1760, Pi
25; 89, 500; 1780, Pi
25; 90, 500; 1800, Pi
25; 91, 500; 1820, Pi
25; 92, 500; 1840, Pi
25; 93, 500; 1860, Pi
24; 93, 480; 1860, Pi
24; 94, 480; 1880, Pi
24; 95, 480; 1900, Pi
24; 96, 480; 1920, Pi
21; 90, 420; 1800, Pi
20; 90, 400; 1800, Pi
20; 91, 400; 1820, Pi
20; 93, 400; 1860, Pi
20; 92, 400; 1840, Pi
23; 96, 460; 1920, Pi
20; 94, 400; 1880, Pi
20; 95, 400; 1900, Pi
20; 96, 400; 1920, Pi
20; 97, 400; 1940, Pu
20; 98, 400; 1960, Pu
20; 99, 400; 1980, Pu
21; 99, 420; 1980, Pu
22; 99, 440; 1980, Pu
23; 99, 460; 1980, Pu
24; 99, 480; 1980, Pu
25; 99, 500; 1980, Pu
26; 99, 520; 1980, Pu
27; 99, 540; 1980, Pu
28; 99, 560; 1980, Pu
29; 99, 580; 1980, Pu
30; 99, 600; 1980, Pu
26; 96, 520; 1920, Pu
27; 96, 540; 1920, Pu
28; 96, 560; 1920, Pu
29; 96, 580; 1920, Pu
30; 96, 600; 1920, Pu
31; 96, 620; 1920, Pu
32; 96, 640; 1920, Pu
31; 99, 620; 1980, Pu
33; 96, 660; 1920, Pu
33; 97, 660; 1940, Pu
33; 98, 660; 1960, Pu
33; 99, 672; 1980, Pu
20; 70, 400; 1400, Pi| move, 0.5, 420; 1400, player, 400; 1399; 20; 20| front
41; 17, 820; 340, G
40; 17, 800; 340, G
38; 17, 760; 340, G
37; 17, 740; 340, G
36; 17, 720; 340, G
35; 17, 700; 340, G
34; 17, 680; 340, G
33; 17, 660; 340, G
32; 17, 640; 340, G
31; 17, 620; 340, G
30; 17, 600; 340, G
29; 17, 580; 340, G
28; 17, 560; 340, G
27; 17, 540; 340, G
26; 17, 520; 340, G
25; 17, 500; 340, G
39; 17, 780; 340, G
41; 21, 820; 420, G
40; 21, 800; 420, G
39; 21, 780; 420, G
38; 21, 760; 420, G
37; 21, 740; 420, G
36; 21, 720; 420, G
35; 21, 700; 420, G
34; 21, 680; 420, G
24; 21, 480; 420, G
25; 21, 500; 420, G
26; 21, 520; 420, G
27; 21, 540; 420, G
28; 21, 560; 420, G
29; 21, 580; 420, G
30; 21, 600; 420, G
31; 21, 620; 420, G
32; 21, 640; 420, G
33; 21, 660; 420, G
15; 21, 300; 420, G
12; 21, 240; 420, G
13; 21, 260; 420, G
14; 21, 280; 420, G
16; 21, 320; 420, G
17; 21, 340; 420, G
18; 21, 360; 420, G
19; 21, 380; 420, G
20; 21, 400; 420, G
21; 21, 420; 420, G
22; 21, 440; 420, G
23; 21, 460; 420, G
24; 17, 480; 340, G
23; 17, 460; 340, G
17; 17, 340; 340, G
16; 17, 320; 340, G
15; 17, 300; 340, G
14; 17, 280; 340, G
18; 17, 360; 340, G
19; 17, 380; 340, G
20; 17, 400; 340, G
21; 17, 420; 340, G
22; 17, 440; 340, G
13; 17, 260; 340, G
12; 17, 240; 340, G
11; 17, 220; 340, G
10; 17, 200; 340, G
9; 17, 180; 340, G
8; 17, 160; 340, G
7; 17, 140; 340, G
6; 17, 120; 340, G
5; 17, 100; 340, G
4; 17, 80; 340, G
3; 17, 60; 340, G
2; 17, 40; 340, G
1; 17, 20; 340, G
0; 17, 0; 340, G
0; 21, 0; 420, G
1; 21, 20; 420, G
2; 21, 40; 420, G
3; 21, 60; 420, G
4; 21, 80; 420, G
5; 21, 100; 420, G
6; 21, 120; 420, G
7; 21, 140; 420, G
8; 21, 160; 420, G
10; 21, 200; 420, G
11; 21, 220; 420, G
9; 21, 180; 420, G
31; 101, 620; 2020, Pu
32; 101, 640; 2020, Pu
33; 101, 660; 2020, Pu
34; 101, 680; 2020, Pu
35; 101, 700; 2020, Pu
36; 101, 720; 2020, Pu
37; 101, 740; 2020, Pu
38; 101, 760; 2020, Pu
36; 100, 720; 2000, Pu
36; 99, 720; 1980, Pu
33; 95, 660; 1900, Pu
34; 94, 680; 1880, Pu
35; 93, 700; 1860, Pu
36; 93, 720; 1860, Pu
37; 93, 740; 1860, Pu
38; 94, 760; 1880, Pu
39; 95, 780; 1900, Pu
39; 101, 780; 2020, Pu
40; 101, 800; 2020, Pu
41; 101, 820; 2020, Pu
42; 101, 840; 2020, Pu
40; 95, 800; 1900, Pu
41; 96, 820; 1920, Pu
42; 96, 840; 1920, Pu
43; 101, 860; 2020, Pu
44; 101, 880; 2020, Pu
43; 96, 860; 1920, Pu
45; 101, 900; 2020, Pu
47; 101, 940; 2020, Pu
48; 101, 960; 2020, Pu| move, 1.0, 1640; 2020, player, 958; 2017; 44; 14| front
49; 96, 980; 1920, Pu
48; 96, 960; 1920, Pu
47; 96, 940; 1920, Pu
46; 96, 920; 1920, Pu
45; 96, 900; 1920, Pu
44; 96, 880; 1920, Pu
49; 101, 980; 2020, Pu| move, 1.0, 1660; 2020, player, 958; 2017; 44; 14| front
46; 101, 920; 2020, Pu
50; 96, 1000; 1920, Pu
51; 96, 1020; 1920, Pu
52; 96, 1040; 1920, Pu
53; 96, 1060; 1920, Pu
54; 96, 1080; 1920, Pu
55; 96, 1100; 1920, Pu
56; 96, 1120; 1920, Pu
57; 96, 1140; 1920, Pu
58; 96, 1160; 1920, Pu
59; 96, 1180; 1920, Pu
60; 96, 1200; 1920, Pu
61; 96, 1220; 1920, Pu
63; 96, 1260; 1920, Pu
64; 96, 1280; 1920, Pu
62; 96, 1240; 1920, Pu
77; 96, 1540; 1920, Pu
76; 96, 1520; 1920, Pu
75; 96, 1500; 1920, Pu
74; 96, 1480; 1920, Pu
73; 96, 1460; 1920, Pu
72; 96, 1440; 1920, Pu
71; 96, 1420; 1920, Pu
70; 96, 1400; 1920, Pu
69; 96, 1380; 1920, Pu
68; 96, 1360; 1920, Pu
67; 96, 1340; 1920, Pu
66; 96, 1320; 1920, Pu
65; 96, 1300; 1920, Pu
78; 96, 1560; 1920, Pu
79; 96, 1580; 1920, Pu
80; 96, 1600; 1920, Pu
81; 96, 1620; 1920, Pu
82; 96, 1640; 1920, Pu
83; 96, 1660; 1920, Pu
84; 96, 1680; 1920, Pu
85; 96, 1700; 1920, Pu
86; 96, 1720; 1920, Pu
87; 96, 1740; 1920, Pu
88; 96, 1760; 1920, Pu
89; 96, 1780; 1920, Pu
90; 96, 1800; 1920, Pu
91; 96, 1820; 1920, Pu
85; 101, 1700; 2020, Pu
86; 101, 1720; 2020, Pu
89; 101, 1780; 2020, Pu
90; 101, 1800; 2020, Pu
91; 101, 1820; 2020, Pu
87; 101, 1740; 2020, Pu
88; 101, 1760; 2020, Pu
70; 97, 1400; 1940, Pu
72; 97, 1440; 1940, Pu
74; 97, 1480; 1940, Pu
82; 97, 1640; 1940, Pu
80; 97, 1600; 1940, Pu
78; 97, 1560; 1940, Pu
76; 97, 1520; 1940, Pu
84; 102, 1680; 2040, Pu
82; 102, 1640; 2040, Pu
80; 102, 1600; 2040, Pu
79; 102, 1580; 2040, Pu
81; 102, 1620; 2040, Pu
83; 102, 1660; 2040, Pu
78; 102, 1560; 2040, Pu
77; 102, 1540; 2040, Pu
76; 102, 1520; 2040, Pu
75; 102, 1500; 2040, Pu
74; 102, 1480; 2040, Pu
73; 102, 1460; 2040, Pu
72; 102, 1440; 2040, Pu
71; 102, 1420; 2040, Pu
70; 102, 1400; 2040, Pu
69; 102, 1380; 2040, Pu
65; 102, 1300; 2040, Pu
64; 102, 1280; 2040, Pu
63; 102, 1260; 2040, Pu
68; 102, 1360; 2040, Pu
66; 102, 1320; 2040, Pu
67; 102, 1340; 2040, Pu
66; 101, 1320; 2020, Pu
65; 101, 1300; 2020, Pu
62; 102, 1240; 2040, Pu
61; 102, 1220; 2040, Pu
60; 102, 1200; 2040, Pu
59; 102, 1180; 2040, Pu
58; 102, 1160; 2040, Pu
57; 102, 1140; 2040, Pu
57; 101, 1140; 2020, Pu
56; 102, 1120; 2040, Pu
55; 102, 1100; 2040, Pu
54; 102, 1080; 2040, Pu
53; 102, 1060; 2040, Pu
53; 101, 1060; 2020, Pu
85; 102, 1700; 2040, Pu
89; 102, 1780; 2040, Pu
90; 102, 1800; 2040, Pu
91; 102, 1820; 2040, Pu
87; 102, 1740; 2040, Pu
86; 102, 1720; 2040, Pu
88; 102, 1760; 2040, Pu
36; 98, 720; 1960, Pu
61; 101, 1220; 2020, Pu
31; 100, 620; 2000, Pu
83; 101, 1660; 2020, Pu
84; 101, 1680; 2020, Pu
25; 96, 500; 1920, Pu
26; 63, 520; 1260, Pi
68; 103, 1380; 2030, Pu
70; 103, 1420; 2030, Pu
72; 103, 1460; 2030, Pu
74; 103, 1500; 2030, Pu
76; 103, 1540; 2030, Pu
78; 103, 1580; 2030, Pu
80; 103, 1620; 2030, Pu
60; 60, 1200; 1200, O
60; 59, 1200; 1180, O
60; 58, 1200; 1160, O
60; 57, 1200; 1140, O
60; 56, 1200; 1120, O
60; 55, 1200; 1100, O
46; 68, 920; 1360, O
47; 68, 940; 1360, O
48; 68, 960; 1360, O
49; 68, 980; 1360, O
50; 68, 1000; 1360, O
51; 68, 1020; 1360, O
53; 68, 1060; 1360, O
54; 68, 1080; 1360, O
52; 68, 1040; 1360, O
55; 67, 1100; 1340, O
56; 66, 1120; 1320, O
57; 65, 1140; 1300, O
58; 64, 1160; 1280, O
59; 63, 1180; 1260, O
60; 62, 1200; 1240, O
45; 68, 900; 1360, O
44; 67, 880; 1340, O
43; 66, 860; 1320, O
42; 65, 840; 1300, O
41; 64, 820; 1280, O
40; 63, 800; 1260, O
39; 62, 780; 1240, O
#spikes
51; 20, 1020; 400, 1
59; 20, 1180; 400, 1
63; 21, 1260; 420, 1
66; 25, 1320; 500, 3
65; 25, 1300; 500, 3
64; 28, 1280; 560, 4
65; 28, 1300; 560, 4
66; 31, 1320; 620, 1
64; 34, 1280; 680, 1
65; 32, 1300; 640, 3
65; 35, 1300; 700, 4
62; 22, 1240; 440, 1
61; 22, 1220; 440, 1
60; 21, 1200; 420, 1
66; 37, 1320; 740, 3| teleport, 1300; 740; 4, 65; 21, 1300; 756; 20; 20
64; 37, 1280; 740, 4
62; 39, 1240; 792, 1
60; 39, 1200; 790, 1
58; 39, 1160; 788, 1
54; 39, 1080; 784, 1
52; 39, 1040; 782, 1
50; 39, 1000; 780, 1
49; 45, 980; 900, 1
50; 49, 1000; 980, 1
49; 47, 980; 940, 2
50; 51, 1000; 1020, 2
50; 55, 1000; 1100, 1
55; 51, 1100; 1027, 1
54; 53, 1080; 1067, 1
56; 53, 1120; 1067, 1
54; 50, 1080; 995, 2
55; 48, 1100; 960, 2
56; 50, 1120; 995, 2
43; 55, 860; 1100, 2
42; 55, 840; 1100, 2
39; 55, 780; 1100, 2
40; 55, 800; 1100, 2
41; 55, 820; 1100, 2
48; 55, 960; 1100, 2
49; 57, 980; 1140, 2
50; 57, 1000; 1140, 2
51; 57, 1020; 1140, 2
52; 55, 1040; 1100, 2
53; 55, 1060; 1100, 2
39; 53, 780; 1060, 1| move, 1.0, 740; 1060, player, 760; 1079; 20; 20
38; 51, 760; 1020, 4
40; 51, 800; 1020, 3
37; 55, 740; 1100, 2
49; 54, 980; 1080, 1
38; 59, 760; 1180, 1
37; 60, 740; 1200, 1
36; 57, 720; 1140, 2
35; 58, 700; 1160, 2
34; 60, 680; 1200, 1
30; 60, 600; 1205, 1
30; 57, 600; 1135, 2
32; 56, 640; 1125, 1
34; 56, 680; 1120, 1
36; 55, 720; 1103, 1
35; 54, 700; 1080, 2
35; 53, 700; 1060, 1
30; 54, 600; 1080, 1| move, 2.5, 600; 980; 2, player, 600; 994; 20; 86
29; 54, 580; 1080, 1| move, 2.5, 580; 1000; 2, player, 580; 995; 20; 110
33; 53, 660; 1060, 2
32; 53, 640; 1060, 2
31; 53, 620; 1060, 2| move, 2.6, 540; 1060, player, 560; 1077; 20; 20
33; 52, 660; 1040, 1
32; 52, 640; 1040, 1
31; 52, 620; 1040, 1| move, 2.6, 540; 1040, player, 560; 1077; 20; 20
31; 58, 621; 1160, 1
31; 59, 621; 1180, 2
33; 58, 660; 1160, 2
28; 61, 560; 1220, 2
27; 60, 540; 1200, 2
26; 59, 520; 1180, 2
25; 58, 500; 1160, 2
24; 59, 480; 1180, 2
23; 60, 460; 1200, 2
22; 61, 440; 1220, 2
25; 61, 500; 1220, 1
21; 62, 420; 1240, 2
23; 63, 460; 1260, 1
20; 63, 400; 1260, 2
21; 64, 420; 1285, 1
22; 66, 440; 1320, 1
20; 73, 400; 1460, 1
19; 71, 380; 1420, 2
20; 75, 400; 1500, 2
19; 78, 380; 1560, 1
20; 78, 400; 1560, 1| move, 3.5, 400; 1127, player, 400; 1514; 20; 50| front
19; 83, 380; 1660, 1
21; 88, 420; 1760, 1
20; 85, 400; 1700, 1
23; 83, 460; 1660, 2
24; 86, 480; 1720, 2
22; 81, 440; 1620, 2
24; 92, 480; 1840, 1
23; 95, 460; 1900, 1
21; 91, 420; 1820, 2
21; 98, 420; 1960, 1
27; 97, 541; 1930, 2| teleport, 620; 1930, 27; 97, 481; 1940; 20; 20| move, 1.0, 500; 1930, 27; 97, 614; 1940; 32; 20| move, 1.0, 420; 1930, player, 480; 1936; 20; 50
29; 97, 581; 1930, 2| teleport, 620; 1930, 29; 97, 481; 1940; 20; 20| move, 1.0, 500; 1930, 29; 97, 618; 1928; 32; 20| move, 1.0, 460; 1930, player, 480; 1936; 20; 50
31; 97, 501; 1930, 2| largeNudge| teleport, 620; 1930, 31; 97, 481; 1940; 20; 20| move, 1.0, 500; 1930, 31; 97, 621; 1940; 20; 20| move, 1.0, 380; 1930, player, 480; 1936; 20; 50
30; 98, 601; 1970, 1| teleport, 620; 1970, 30; 98, 481; 1960; 20; 20| move, 1.0, 500; 1970, 30; 98, 624; 1960; 20; 20| move, 1.0, 480; 1970, player, 480; 1936; 20; 50
28; 98, 561; 1970, 1| teleport, 620; 1970, 28; 98, 481; 1960; 20; 20| move, 1.0, 500; 1970, 28; 98, 614; 1960; 26; 20| move, 1.0, 440; 1970, player, 480; 1936; 20; 50
26; 98, 521; 1970, 1| teleport, 620; 1970, 26; 98, 481; 1960; 20; 20| move, 1.0, 500; 1970, 26; 98, 616; 1960; 20; 20| move, 1.0, 400; 1970, player, 480; 1936; 20; 50
44; 20, 880; 400, 1
36; 20, 720; 400, 1
52; 20, 1040; 400, 1
53; 20, 1060; 400, 1
38; 100, 760; 2000, 1
39; 100, 780; 2000, 1
40; 100, 800; 2000, 1
56; 39, 1120; 786, 1
46; 100, 920; 2019, 2
91; 97, 1820; 1940, 2| teleport, 1820; 2000; 1, player, 1763; 1939; 20; 86
90; 97, 1800; 1940, 2| teleport, 1800; 2000; 1, player, 1763; 1939; 20; 86
89; 97, 1780; 1940, 2| teleport, 1780; 2000; 1, player, 1763; 1939; 20; 86
88; 97, 1760; 1940, 2| teleport, 1760; 2000; 1, player, 1763; 1939; 20; 86
53; 100, 1060; 2000, 1
57; 100, 1140; 2000, 1
65; 100, 1300; 2000, 1
66; 100, 1320; 2000, 1
69; 100, 1380; 2010, 1
71; 100, 1420; 2010, 1
73; 100, 1460; 2010, 1
75; 100, 1500; 2010, 1
70; 98, 1400; 1950, 2
72; 98, 1440; 1950, 2
74; 98, 1480; 1950, 2
71; 97, 1420; 1940, 2
73; 97, 1460; 1940, 2
69; 97, 1380; 1940, 2
75; 97, 1500; 1940, 2
77; 100, 1540; 2010, 1
79; 100, 1580; 2010, 1
81; 100, 1620; 2010, 1
76; 98, 1520; 1950, 2
77; 97, 1540; 1940, 2
78; 98, 1560; 1950, 2
79; 97, 1580; 1940, 2
80; 98, 1600; 1950, 2
81; 97, 1620; 1940, 2
82; 98, 1640; 1950, 2
83; 97, 1660; 1940, 2
54; 101, 1080; 2020, 1
55; 101, 1100; 2020, 1
56; 101, 1120; 2020, 1
58; 101, 1160; 2020, 1
59; 101, 1180; 2020, 1
63; 101, 1260; 2020, 1
64; 101, 1280; 2020, 1
67; 101, 1340; 2020, 1
68; 101, 1360; 2020, 1
70; 101, 1400; 2020, 1
72; 101, 1440; 2020, 1
74; 101, 1480; 2020, 1
76; 101, 1520; 2020, 1
78; 101, 1560; 2020, 1
80; 101, 1600; 2020, 1
82; 101, 1640; 2020, 1
87; 97, 1740; 1940, 2
85; 97, 1700; 1940, 2
84; 97, 1680; 1940, 2
86; 97, 1720; 1940, 2
37; 98, 740; 1960, 4
34; 99, 692; 1980, 4
34; 98, 680; 1960, 4
35; 98, 716; 1953, 3
62; 101, 1240; 2020, 1
61; 100, 1220; 2000, 1
60; 101, 1200; 2020, 1
36; 97, 720; 1940, 1| front
22; 96, 440; 1920, 3
32; 99, 652; 1980, 3
45; 100, 895; 2000, 3| alternate, 895; 2000; 3, 945; 2000; 4, 0.5, player, 860; 1936; 20; 86
45; 99, 895; 1980, 3| alternate, 895; 1980; 3, 945; 1980; 4, 0.5, player, 860; 1936; 20; 86
45; 98, 895; 1960, 3| alternate, 895; 1960; 3, 945; 1960; 4, 0.5, player, 860; 1936; 20; 86
45; 97, 895; 1940, 3| alternate, 895; 1940; 3, 945; 1940; 4, 0.5, player, 860; 1936; 20; 86
47; 67, 940; 1340, 1
60; 61, 1200; 1220, 1
59; 62, 1180; 1240, 1
58; 63, 1160; 1260, 1
57; 64, 1140; 1280, 1
56; 65, 1120; 1300, 1
55; 66, 1100; 1320, 1
54; 67, 1080; 1340, 1
52; 67, 1040; 1340, 1
51; 67, 1020; 1340, 1
50; 67, 1000; 1340, 1
49; 67, 980; 1340, 1
48; 67, 960; 1340, 1
53; 67, 1060; 1340, 1
46; 67, 920; 1340, 1
39; 61, 780; 1220, 1
40; 62, 800; 1240, 1
42; 64, 840; 1280, 1
43; 65, 860; 1300, 1
44; 66, 880; 1320, 1
45; 67, 900; 1340, 1
41; 63, 820; 1260, 1